day,run_name,seed,epoch,worker_id,is_malicious,is_flagged,is_accepted,validation_acc,detector_score,projection_1,projection_2,update_mean,update_std,update_rms,config_hash
3,day3_mean_shift_f5_kmeans_softmax_seed44,44,1,0,True,False,True,0.0904,110.2803944897807,124.94061,-87.09896,-0.00029506057035177946,0.04837578907608986,0.04837668314576149,7e267c0bf303542b
3,day3_mean_shift_f5_kmeans_softmax_seed44,44,1,1,True,False,True,0.0904,110.28042907484675,124.94054,-87.09903,-0.00029506057035177946,0.04837578907608986,0.04837668314576149,7e267c0bf303542b
3,day3_mean_shift_f5_kmeans_softmax_seed44,44,1,2,False,True,False,,0.0,-581.70087,-104.554596,0.0012132455594837666,0.1270086020231247,0.1270143985748291,7e267c0bf303542b
3,day3_mean_shift_f5_kmeans_softmax_seed44,44,1,3,True,False,True,0.0904,110.28039286503578,124.94059,-87.09897,-0.00029506057035177946,0.04837578907608986,0.04837668314576149,7e267c0bf303542b
3,day3_mean_shift_f5_kmeans_softmax_seed44,44,1,4,False,False,True,0.1286,192.2891200427205,-44.82372,158.49976,-0.00017271339311264455,0.0879511833190918,0.08795134723186493,7e267c0bf303542b
3,day3_mean_shift_f5_kmeans_softmax_seed44,44,1,5,False,False,True,0.1172,375.51349298829365,1.824306,381.54846,0.0011310710106045008,0.09291716665029526,0.09292404353618622,7e267c0bf303542b
3,day3_mean_shift_f5_kmeans_softmax_seed44,44,1,6,True,False,True,0.0904,110.280414041958,124.94059,-87.09899,-0.00029506057035177946,0.04837578907608986,0.04837668314576149,7e267c0bf303542b
3,day3_mean_shift_f5_kmeans_softmax_seed44,44,1,7,True,False,True,0.0904,110.280414041958,124.94059,-87.09899,-0.00029506057035177946,0.04837578907608986,0.04837668314576149,7e267c0bf303542b
3,day3_mean_shift_f5_kmeans_softmax_seed44,44,2,0,True,False,True,0.1076,26.20080449380664,33.978577,-19.381367,-0.00012156607408542186,0.012123756110668182,0.012124366126954556,7e267c0bf303542b
3,day3_mean_shift_f5_kmeans_softmax_seed44,44,2,1,True,False,True,0.0904,26.200777673145723,33.97855,-19.38135,-0.00012156607408542186,0.012123756110668182,0.012124366126954556,7e267c0bf303542b
3,day3_mean_shift_f5_kmeans_softmax_seed44,44,2,2,False,False,True,0.1076,19.34864488661928,3.7172973,2.1474698,-0.0002139909629477188,0.01768922246992588,0.017690517008304596,7e267c0bf303542b
3,day3_mean_shift_f5_kmeans_softmax_seed44,44,2,3,True,False,True,0.1076,26.2008079532093,33.978577,-19.38137,-0.00012156607408542186,0.012123756110668182,0.012124366126954556,7e267c0bf303542b
3,day3_mean_shift_f5_kmeans_softmax_seed44,44,2,4,False,True,False,,0.0,-160.5568,-30.654114,-0.00013704170123673975,0.035140376538038254,0.03514064475893974,7e267c0bf303542b
3,day3_mean_shift_f5_kmeans_softmax_seed44,44,2,5,False,False,True,0.0976,126.27153575820597,-13.052475,125.413315,-0.0007318122661672533,0.027585845440626144,0.027595549821853638,7e267c0bf303542b
3,day3_mean_shift_f5_kmeans_softmax_seed44,44,2,6,True,False,True,0.1076,26.20080449380664,33.978577,-19.381367,-0.00012156607408542186,0.012123756110668182,0.012124366126954556,7e267c0bf303542b
3,day3_mean_shift_f5_kmeans_softmax_seed44,44,2,7,True,False,True,0.1014,26.20080449380664,33.978577,-19.381367,-0.00012156607408542186,0.012123756110668182,0.012124366126954556,7e267c0bf303542b
3,day3_mean_shift_f5_kmeans_softmax_seed44,44,3,0,True,False,True,0.0988,10.088156356968392,17.283113,-7.4376416,-3.841511716018431e-05,0.0055579738691449165,0.0055581070482730865,7e267c0bf303542b
3,day3_mean_shift_f5_kmeans_softmax_seed44,44,3,1,True,False,True,0.1116,10.088146802062882,17.283106,-7.437635,-3.841511716018431e-05,0.0055579738691449165,0.005558106582611799,7e267c0bf303542b
3,day3_mean_shift_f5_kmeans_softmax_seed44,44,3,2,False,True,False,,0.0,-86.431335,-9.52459,2.3688331566518173e-05,0.0189039409160614,0.018903957679867744,7e267c0bf303542b
3,day3_mean_shift_f5_kmeans_softmax_seed44,44,3,3,True,False,True,0.1014,10.088159166590541,17.283112,-7.437646,-3.841511716018431e-05,0.0055579738691449165,0.005558106582611799,7e267c0bf303542b
3,day3_mean_shift_f5_kmeans_softmax_seed44,44,3,4,False,False,True,0.1494,11.134689413336611,3.1988587,-4.986486,-9.83791469479911e-05,0.007375524844974279,0.007376180961728096,7e267c0bf303542b
3,day3_mean_shift_f5_kmeans_softmax_seed44,44,3,5,False,False,True,0.158,52.6796200556887,-3.1827269,51.69906,-1.5131439795368351e-05,0.011904643848538399,0.01190465223044157,7e267c0bf303542b
3,day3_mean_shift_f5_kmeans_softmax_seed44,44,3,6,True,False,True,0.1014,10.088156255515203,17.283112,-7.4376426,-3.841511716018431e-05,0.0055579738691449165,0.0055581070482730865,7e267c0bf303542b
3,day3_mean_shift_f5_kmeans_softmax_seed44,44,3,7,True,False,True,0.0988,10.088156255515203,17.283112,-7.4376426,-3.841511716018431e-05,0.0055579738691449165,0.005558106582611799,7e267c0bf303542b
3,day3_mean_shift_f5_kmeans_softmax_seed44,44,4,0,True,False,True,0.0988,6.745777546492667,6.983548,-5.4684215,-1.6180163584067486e-05,0.002890448784455657,0.0028904941864311695,7e267c0bf303542b
3,day3_mean_shift_f5_kmeans_softmax_seed44,44,4,1,True,False,True,0.1096,6.745769078649793,6.983543,-5.4684143,-1.6180163584067486e-05,0.002890448784455657,0.0028904941864311695,7e267c0bf303542b
3,day3_mean_shift_f5_kmeans_softmax_seed44,44,4,2,False,True,False,,0.0,-33.5571,-6.384556,3.501229002722539e-05,0.007605789694935083,0.007605870254337788,7e267c0bf303542b
3,day3_mean_shift_f5_kmeans_softmax_seed44,44,4,3,True,False,True,0.0904,6.745776038660029,6.9835477,-5.46842,-1.6180163584067486e-05,0.002890448784455657,0.0028904941864311695,7e267c0bf303542b
3,day3_mean_shift_f5_kmeans_softmax_seed44,44,4,4,False,False,True,0.139,17.354400527017347,-1.5189842,17.077572,-2.7104142645839602e-05,0.00528590427711606,0.005285973660647869,7e267c0bf303542b
3,day3_mean_shift_f5_kmeans_softmax_seed44,44,4,5,False,False,True,0.1736,16.405546817068398,0.15846099,16.64914,-3.2625528547214344e-05,0.0054090204648673534,0.005409119185060263,7e267c0bf303542b
3,day3_mean_shift_f5_kmeans_softmax_seed44,44,4,6,True,False,True,0.1156,6.745776038660029,6.9835477,-5.46842,-1.6180163584067486e-05,0.002890448784455657,0.0028904941864311695,7e267c0bf303542b
3,day3_mean_shift_f5_kmeans_softmax_seed44,44,4,7,True,False,True,0.1026,6.745776038660029,6.9835477,-5.46842,-1.6180163584067486e-05,0.002890448784455657,0.0028904941864311695,7e267c0bf303542b
3,day3_mean_shift_f5_kmeans_softmax_seed44,44,5,0,True,False,True,0.1244,6.363528669672162,10.251788,-4.910011,-1.596551010152325e-05,0.003505756612867117,0.0035057927016168833,7e267c0bf303542b
3,day3_mean_shift_f5_kmeans_softmax_seed44,44,5,1,True,False,True,0.1028,6.363530169517944,10.2518,-4.910007,-1.596551010152325e-05,0.003505756612867117,0.0035057927016168833,7e267c0bf303542b
3,day3_mean_shift_f5_kmeans_softmax_seed44,44,5,2,False,False,True,0.227,31.820809893675367,-1.6200083,31.314468,2.6816644094651565e-05,0.0071019926108419895,0.007102043367922306,7e267c0bf303542b
3,day3_mean_shift_f5_kmeans_softmax_seed44,44,5,3,True,False,True,0.1276,6.363531158412121,10.251793,-4.9100113,-1.596551010152325e-05,0.003505756612867117,0.0035057927016168833,7e267c0bf303542b
3,day3_mean_shift_f5_kmeans_softmax_seed44,44,5,4,False,True,False,,0.0,-52.530952,-5.8094134,-2.2986432668403722e-06,0.011101603507995605,0.011101603507995605,7e267c0bf303542b
3,day3_mean_shift_f5_kmeans_softmax_seed44,44,5,5,False,False,True,0.1522,4.94535993604928,2.8924608,-0.954954,-2.6401470677228644e-05,0.002627517795190215,0.002627650508657098,7e267c0bf303542b
3,day3_mean_shift_f5_kmeans_softmax_seed44,44,5,6,True,False,True,0.0988,6.363531588521436,10.251793,-4.910012,-1.596551010152325e-05,0.003505756612867117,0.0035057927016168833,7e267c0bf303542b
3,day3_mean_shift_f5_kmeans_softmax_seed44,44,5,7,True,False,True,0.0904,6.363531588521436,10.251793,-4.910012,-1.596551010152325e-05,0.003505756612867117,0.0035057927016168833,7e267c0bf303542b
3,day3_mean_shift_f5_kmeans_softmax_seed44,44,6,0,True,False,True,0.101,11.014765056745222,12.928587,-9.219095,-2.0038398361066356e-05,0.004768078215420246,0.004768120590597391,7e267c0bf303542b
3,day3_mean_shift_f5_kmeans_softmax_seed44,44,6,1,True,False,True,0.123,11.01476042926013,12.9285755,-9.219094,-2.0038398361066356e-05,0.004768078215420246,0.004768120590597391,7e267c0bf303542b
3,day3_mean_shift_f5_kmeans_softmax_seed44,44,6,2,False,False,True,0.281,9.64058639024728,-0.12584384,-0.6181634,-2.3798384063411504e-05,0.0021662504877895117,0.0021663811057806015,7e267c0bf303542b
3,day3_mean_shift_f5_kmeans_softmax_seed44,44,6,3,True,False,True,0.115,11.014763223584072,12.928584,-9.219094,-2.0038398361066356e-05,0.004768078215420246,0.004768120590597391,7e267c0bf303542b
3,day3_mean_shift_f5_kmeans_softmax_seed44,44,6,4,False,True,False,,0.0,-65.39778,-8.369409,-0.00010707400360843167,0.013916756957769394,0.0139171676710248,7e267c0bf303542b
3,day3_mean_shift_f5_kmeans_softmax_seed44,44,6,5,False,False,True,0.2158,54.54745798494074,0.8810485,55.082764,-8.045502181630582e-05,0.0122165996581316,0.01221686415374279,7e267c0bf303542b
3,day3_mean_shift_f5_kmeans_softmax_seed44,44,6,6,True,False,True,0.117,11.01476291310334,12.928583,-9.219094,-2.0038398361066356e-05,0.004768078215420246,0.004768120590597391,7e267c0bf303542b
3,day3_mean_shift_f5_kmeans_softmax_seed44,44,6,7,True,False,True,0.1388,11.01476291310334,12.928583,-9.219094,-2.0038398361066356e-05,0.004768078215420246,0.004768120590597391,7e267c0bf303542b
3,day3_mean_shift_f5_kmeans_softmax_seed44,44,7,0,True,False,True,0.141,11.68753019652914,17.413475,-10.150183,1.3075550668872893e-05,0.00621679425239563,0.006216808222234249,7e267c0bf303542b
3,day3_mean_shift_f5_kmeans_softmax_seed44,44,7,1,True,False,True,0.1432,11.687510662232956,17.413465,-10.150166,1.3075550668872893e-05,0.00621679425239563,0.006216808222234249,7e267c0bf303542b
3,day3_mean_shift_f5_kmeans_softmax_seed44,44,7,2,False,True,False,,0.0,-89.68784,-4.15569,2.623819818836637e-05,0.01802688278257847,0.01802689954638481,7e267c0bf303542b
3,day3_mean_shift_f5_kmeans_softmax_seed44,44,7,3,True,False,True,0.0998,11.68752080479785,17.413471,-10.150174,1.3075550668872893e-05,0.00621679425239563,0.006216808222234249,7e267c0bf303542b
3,day3_mean_shift_f5_kmeans_softmax_seed44,44,7,4,False,False,True,0.1746,46.88527247685967,12.275077,47.475876,6.449833745136857e-05,0.011418887414038181,0.011419069953262806,7e267c0bf303542b
3,day3_mean_shift_f5_kmeans_softmax_seed44,44,7,5,False,False,True,0.1352,23.48389225576086,-9.653936,7.4307933,4.9604968808125705e-05,0.009321322664618492,0.009321454912424088,7e267c0bf303542b
3,day3_mean_shift_f5_kmeans_softmax_seed44,44,7,6,True,False,True,0.1244,11.68752168147161,17.413471,-10.150175,1.3075550668872893e-05,0.00621679425239563,0.006216808222234249,7e267c0bf303542b
3,day3_mean_shift_f5_kmeans_softmax_seed44,44,7,7,True,False,True,0.1336,11.68752168147161,17.413471,-10.150175,1.3075550668872893e-05,0.00621679425239563,0.006216808222234249,7e267c0bf303542b
3,day3_mean_shift_f5_kmeans_softmax_seed44,44,8,0,True,False,True,0.1642,2.354223205024534,4.5764766,-1.870029,-2.4424505227216287e-06,0.001709926757030189,0.0017099285032600164,7e267c0bf303542b
3,day3_mean_shift_f5_kmeans_softmax_seed44,44,8,1,True,False,True,0.1634,2.3542311322836307,4.576484,-1.8700339,-2.4424500679742778e-06,0.001709926757030189,0.0017099285032600164,7e267c0bf303542b
3,day3_mean_shift_f5_kmeans_softmax_seed44,44,8,2,False,False,True,0.2672,2.981700742995962,0.49044073,0.49979556,1.0802218639582861e-06,0.002087691333144903,0.002087691565975547,7e267c0bf303542b
3,day3_mean_shift_f5_kmeans_softmax_seed44,44,8,3,True,False,True,0.1218,2.354225089689686,4.5764794,-1.8700296,-2.4424500679742778e-06,0.001709926757030189,0.0017099285032600164,7e267c0bf303542b
3,day3_mean_shift_f5_kmeans_softmax_seed44,44,8,4,False,False,True,0.314,10.39498460765804,0.8271377,10.257849,-1.946621705428697e-05,0.0025946602690964937,0.0025947331450879574,7e267c0bf303542b
3,day3_mean_shift_f5_kmeans_softmax_seed44,44,8,5,False,True,False,,0.0,-24.19987,-1.407486,-6.61169906379655e-05,0.005348490085452795,0.005348898936063051,7e267c0bf303542b
3,day3_mean_shift_f5_kmeans_softmax_seed44,44,8,6,True,False,True,0.1724,2.354225718926902,4.5764794,-1.8700303,-2.4424505227216287e-06,0.001709926757030189,0.0017099285032600164,7e267c0bf303542b
3,day3_mean_shift_f5_kmeans_softmax_seed44,44,8,7,True,False,True,0.1396,2.354225718926902,4.5764794,-1.8700303,-2.4424500679742778e-06,0.001709926757030189,0.0017099285032600164,7e267c0bf303542b
3,day3_mean_shift_f5_kmeans_softmax_seed44,44,9,0,True,False,True,0.2862,1.1540544711221215,1.450923,-0.92556304,-1.3778640095551964e-05,0.0011819048086181283,0.0011819851351901889,7e267c0bf303542b
3,day3_mean_shift_f5_kmeans_softmax_seed44,44,9,1,True,False,True,0.2284,1.1540554747995104,1.450925,-0.92556334,-1.3778640095551964e-05,0.0011819048086181283,0.0011819851351901889,7e267c0bf303542b
3,day3_mean_shift_f5_kmeans_softmax_seed44,44,9,2,False,False,True,0.296,4.521484735186402,-0.31762967,4.4655566,-2.752993350441102e-05,0.0016263985307887197,0.0016266314778476954,7e267c0bf303542b
3,day3_mean_shift_f5_kmeans_softmax_seed44,44,9,3,True,False,True,0.2094,1.1540548774106,1.4509233,-0.92556334,-1.3778640095551964e-05,0.0011819048086181283,0.0011819851351901889,7e267c0bf303542b
3,day3_mean_shift_f5_kmeans_softmax_seed44,44,9,4,False,False,True,0.308,1.2878105312526582,0.32784477,1.2264434,-1.5687532140873373e-05,0.0014747350942343473,0.001474818680435419,7e267c0bf303542b
3,day3_mean_shift_f5_kmeans_softmax_seed44,44,9,5,False,True,False,,0.0,-7.2647657,-1.0641667,-2.226339165645186e-05,0.0020532486960291862,0.002053369302302599,7e267c0bf303542b
3,day3_mean_shift_f5_kmeans_softmax_seed44,44,9,6,True,False,True,0.2888,1.1540548774106,1.4509233,-0.92556334,-1.3778640095551964e-05,0.0011819048086181283,0.0011819851351901889,7e267c0bf303542b
3,day3_mean_shift_f5_kmeans_softmax_seed44,44,9,7,True,False,True,0.2142,1.1540548774106,1.4509233,-0.92556334,-1.3778640095551964e-05,0.0011819048086181283,0.0011819851351901889,7e267c0bf303542b
3,day3_mean_shift_f5_kmeans_softmax_seed44,44,10,0,True,False,True,0.2616,1.3157424281193921,1.8477399,-1.089691,-1.4883917174302042e-05,0.0011999451089650393,0.001200037426315248,7e267c0bf303542b
3,day3_mean_shift_f5_kmeans_softmax_seed44,44,10,1,True,False,True,0.264,1.3157418878532399,1.8477402,-1.0896903,-1.4883915355312638e-05,0.0011999451089650393,0.001200037426315248,7e267c0bf303542b
3,day3_mean_shift_f5_kmeans_softmax_seed44,44,10,2,False,False,True,0.3232,2.222997460892522,-0.9062472,-0.3325202,-1.7516302250442095e-05,0.0015346576692536473,0.0015347576700150967,7e267c0bf303542b
3,day3_mean_shift_f5_kmeans_softmax_seed44,44,10,3,True,False,True,0.3232,1.315741832387756,1.8477403,-1.0896902,-1.4883915355312638e-05,0.0011999451089650393,0.001200037426315248,7e267c0bf303542b
3,day3_mean_shift_f5_kmeans_softmax_seed44,44,10,4,False,False,True,0.3094,6.387242383955859,0.59434843,6.445823,-3.096713771810755e-05,0.0018209981499239802,0.001821261364966631,7e267c0bf303542b
3,day3_mean_shift_f5_kmeans_softmax_seed44,44,10,5,False,True,False,,0.0,-8.926743,-0.6648453,-1.4413635653909296e-05,0.0022063772194087505,0.0022064242511987686,7e267c0bf303542b
3,day3_mean_shift_f5_kmeans_softmax_seed44,44,10,6,True,False,True,0.2754,1.3157424763903456,1.8477403,-1.0896909,-1.4883917174302042e-05,0.0011999451089650393,0.001200037426315248,7e267c0bf303542b
3,day3_mean_shift_f5_kmeans_softmax_seed44,44,10,7,True,False,True,0.316,1.3157424763903456,1.8477403,-1.0896909,-1.4883915355312638e-05,0.0011999451089650393,0.001200037426315248,7e267c0bf303542b
3,day3_mean_shift_f5_kmeans_softmax_seed44,44,11,0,True,False,True,0.294,1.0409687321613215,1.1247756,-1.1813656,-8.492529559589457e-06,0.0011172955855727196,0.0011173279490321875,7e267c0bf303542b
3,day3_mean_shift_f5_kmeans_softmax_seed44,44,11,1,True,False,True,0.2754,1.040968254632698,1.1247749,-1.181365,-8.492528650094755e-06,0.0011172955855727196,0.0011173278326168656,7e267c0bf303542b
3,day3_mean_shift_f5_kmeans_softmax_seed44,44,11,2,False,True,False,,1.3094134566217293,-3.7572541,-0.84617394,-2.2138847270980477e-05,0.001502844737842679,0.0015030078357085586,7e267c0bf303542b
3,day3_mean_shift_f5_kmeans_softmax_seed44,44,11,3,True,False,True,0.3378,1.0409687321613215,1.1247756,-1.1813656,-8.492528650094755e-06,0.0011172955855727196,0.0011173278326168656,7e267c0bf303542b
3,day3_mean_shift_f5_kmeans_softmax_seed44,44,11,4,False,False,True,0.3626,5.204843021936119,2.096347,4.9884167,-9.551328730594832e-06,0.001581183634698391,0.0015812123892828822,7e267c0bf303542b
3,day3_mean_shift_f5_kmeans_softmax_seed44,44,11,5,False,True,False,,1.3094134566217293,-3.9629655,1.764561,-1.4779254343011416e-05,0.0015222581569105387,0.001522329985164106,7e267c0bf303542b
3,day3_mean_shift_f5_kmeans_softmax_seed44,44,11,6,True,False,True,0.3094,1.0409686514904914,1.1247754,-1.1813655,-8.492529559589457e-06,0.0011172955855727196,0.0011173279490321875,7e267c0bf303542b
3,day3_mean_shift_f5_kmeans_softmax_seed44,44,11,7,True,False,True,0.3118,1.0409686514904914,1.1247754,-1.1813655,-8.492528650094755e-06,0.0011172955855727196,0.0011173278326168656,7e267c0bf303542b
3,day3_mean_shift_f5_kmeans_softmax_seed44,44,12,0,True,True,False,,2.2978730825006204e-07,1.1209897,-0.20748228,-1.1337563591951039e-05,0.0010272772051393986,0.0010273397201672196,7e267c0bf303542b
3,day3_mean_shift_f5_kmeans_softmax_seed44,44,12,1,True,True,False,,2.9802322391803136e-07,1.1209892,-0.20748232,-1.1337563591951039e-05,0.0010272772051393986,0.0010273397201672196,7e267c0bf303542b
3,day3_mean_shift_f5_kmeans_softmax_seed44,44,12,2,False,False,True,0.3468,3.076408500572948,-2.5848749,-2.6459894,-1.4432870557357091e-05,0.0013428053352981806,0.0013428829843178391,7e267c0bf303542b
3,day3_mean_shift_f5_kmeans_softmax_seed44,44,12,3,True,True,False,,4.406815306732645e-07,1.1209894,-0.20748284,-1.1337563591951039e-05,0.0010272772051393986,0.0010273397201672196,7e267c0bf303542b
3,day3_mean_shift_f5_kmeans_softmax_seed44,44,12,4,False,False,True,0.357,2.5136213322198855,-1.5673414,2.8413415,-9.947139915311709e-06,0.0013317384291440248,0.0013317755656316876,7e267c0bf303542b
3,day3_mean_shift_f5_kmeans_softmax_seed44,44,12,5,False,False,True,0.3602,0.6472929087681022,-1.4527159,0.84205854,-9.40675636229571e-06,0.001300846692174673,0.0013008806854486465,7e267c0bf303542b
3,day3_mean_shift_f5_kmeans_softmax_seed44,44,12,6,True,True,False,,1.3394477992938908e-07,1.1209896,-0.2074823,-1.1337563591951039e-05,0.0010272772051393986,0.0010273397201672196,7e267c0bf303542b
3,day3_mean_shift_f5_kmeans_softmax_seed44,44,12,7,True,True,False,,1.3394477992938908e-07,1.1209896,-0.2074823,-1.1337563591951039e-05,0.0010272772051393986,0.0010273397201672196,7e267c0bf303542b
3,day3_mean_shift_f5_kmeans_softmax_seed44,44,13,0,True,False,True,0.3348,1.2684268160930372,0.90163726,-1.2407633,-9.773799320100807e-06,0.0010765759507194161,0.0010766203049570322,7e267c0bf303542b
3,day3_mean_shift_f5_kmeans_softmax_seed44,44,13,1,True,False,True,0.3584,1.2684259768878356,0.90163714,-1.2407625,-9.773799320100807e-06,0.0010765759507194161,0.0010766203049570322,7e267c0bf303542b
3,day3_mean_shift_f5_kmeans_softmax_seed44,44,13,2,False,False,True,0.3854,2.8132771188939762,0.5436867,2.8237317,-1.3023256542510353e-05,0.0013572101015597582,0.001357272733002901,7e267c0bf303542b
3,day3_mean_shift_f5_kmeans_softmax_seed44,44,13,3,True,False,True,0.3708,1.2684262064966125,0.90163696,-1.2407627,-9.773799320100807e-06,0.0010765759507194161,0.0010766203049570322,7e267c0bf303542b
3,day3_mean_shift_f5_kmeans_softmax_seed44,44,13,4,False,False,True,0.3732,3.5373872003792854,0.8356404,3.5635998,-1.4336778804135974e-05,0.0014114858349785209,0.0014115585945546627,7e267c0bf303542b
3,day3_mean_shift_f5_kmeans_softmax_seed44,44,13,5,False,True,False,,0.0,-5.887487,-0.18352169,-1.9721632270375267e-05,0.0016424665227532387,0.0016425849171355367,7e267c0bf303542b
3,day3_mean_shift_f5_kmeans_softmax_seed44,44,13,6,True,False,True,0.3418,1.2684262064966125,0.90163696,-1.2407627,-9.773799320100807e-06,0.0010765759507194161,0.0010766203049570322,7e267c0bf303542b
3,day3_mean_shift_f5_kmeans_softmax_seed44,44,13,7,True,False,True,0.3236,1.2684262064966125,0.90163696,-1.2407627,-9.773799320100807e-06,0.0010765759507194161,0.0010766203049570322,7e267c0bf303542b
3,day3_mean_shift_f5_kmeans_softmax_seed44,44,14,0,True,True,False,,3.6800739868688137e-07,1.0137236,-0.6386805,-1.2952777069585864e-05,0.0009945001220330596,0.0009945845231413841,7e267c0bf303542b
3,day3_mean_shift_f5_kmeans_softmax_seed44,44,14,1,True,True,False,,2.6468757752824534e-07,1.0137242,-0.63868064,-1.2952777069585864e-05,0.0009945001220330596,0.0009945845231413841,7e267c0bf303542b
3,day3_mean_shift_f5_kmeans_softmax_seed44,44,14,2,False,False,True,0.3718,3.1094975764857704,-3.7633524,-1.2524841,-2.0483776097535156e-05,0.0013732927618548274,0.0013734454987570643,7e267c0bf303542b
3,day3_mean_shift_f5_kmeans_softmax_seed44,44,14,3,True,True,False,,2.6334192795222965e-07,1.013724,-0.63868093,-1.2952777069585864e-05,0.0009945001220330596,0.0009945845231413841,7e267c0bf303542b
3,day3_mean_shift_f5_kmeans_softmax_seed44,44,14,4,False,False,True,0.39,3.104008560704859,-0.19670776,3.7859244,-1.0735710020526312e-05,0.0013440886978060007,0.001344131538644433,7e267c0bf303542b
3,day3_mean_shift_f5_kmeans_softmax_seed44,44,14,5,False,False,True,0.3834,0.7079366315334984,-1.108547,0.65995884,-1.2594787222042214e-05,0.0012637453619390726,0.0012638081097975373,7e267c0bf303542b
3,day3_mean_shift_f5_kmeans_softmax_seed44,44,14,6,True,True,False,,4.298152053095503e-08,1.013724,-0.63868064,-1.2952777069585864e-05,0.0009945001220330596,0.0009945845231413841,7e267c0bf303542b
3,day3_mean_shift_f5_kmeans_softmax_seed44,44,14,7,True,True,False,,4.298152053095503e-08,1.013724,-0.63868064,-1.2952777069585864e-05,0.0009945001220330596,0.0009945845231413841,7e267c0bf303542b
3,day3_mean_shift_f5_kmeans_softmax_seed44,44,15,0,True,True,False,,1.7881393424845626e-07,1.0262622,-0.37142983,-1.4602023838961031e-05,0.0009686076664365828,0.0009687177371233702,7e267c0bf303542b
3,day3_mean_shift_f5_kmeans_softmax_seed44,44,15,1,True,True,False,,3.7697287329066355e-07,1.0262618,-0.3714294,-1.4602024748455733e-05,0.0009686076664365828,0.0009687177371233702,7e267c0bf303542b
3,day3_mean_shift_f5_kmeans_softmax_seed44,44,15,2,False,False,True,0.4018,1.2584837744939104,-0.90687436,1.5875918,-1.6022966519813053e-05,0.001244428101927042,0.0012445313623175025,7e267c0bf303542b
3,day3_mean_shift_f5_kmeans_softmax_seed44,44,15,3,True,True,False,,5.3312014947349765e-08,1.026262,-0.37142977,-1.4602024748455733e-05,0.0009686076664365828,0.0009687177371233702,7e267c0bf303542b
3,day3_mean_shift_f5_kmeans_softmax_seed44,44,15,4,False,False,True,0.3884,1.7971520999826491,-1.2287232,2.3504388,-1.6115165635710582e-05,0.0012558606686070561,0.0012559640454128385,7e267c0bf303542b
3,day3_mean_shift_f5_kmeans_softmax_seed44,44,15,5,False,False,True,0.4078,2.9902427760909456,-2.9957001,-2.0808845,-1.3707332982448861e-05,0.0012993270065635443,0.0012993993004783988,7e267c0bf303542b
3,day3_mean_shift_f5_kmeans_softmax_seed44,44,15,6,True,True,False,,8.107108177288142e-08,1.026262,-0.3714298,-1.4602023838961031e-05,0.0009686076664365828,0.0009687177371233702,7e267c0bf303542b
3,day3_mean_shift_f5_kmeans_softmax_seed44,44,15,7,True,True,False,,8.107108177288142e-08,1.026262,-0.3714298,-1.4602024748455733e-05,0.0009686076664365828,0.0009687177371233702,7e267c0bf303542b
3,day3_mean_shift_f5_kmeans_softmax_seed44,44,16,0,True,False,True,0.434,0.8802960405965757,0.9223133,-0.5862868,-1.2527584658528212e-05,0.0009532972471788526,0.0009533796110190451,7e267c0bf303542b
3,day3_mean_shift_f5_kmeans_softmax_seed44,44,16,1,True,False,True,0.4104,0.8802965208340265,0.9223135,-0.5862872,-1.2527584658528212e-05,0.0009532972471788526,0.0009533796110190451,7e267c0bf303542b
3,day3_mean_shift_f5_kmeans_softmax_seed44,44,16,2,False,False,True,0.424,1.7947247378672284,-0.53432107,1.6504477,-1.1933389941987116e-05,0.0012076745042577386,0.001207733410410583,7e267c0bf303542b
3,day3_mean_shift_f5_kmeans_softmax_seed44,44,16,3,True,False,True,0.4156,0.8802962543248637,0.9223134,-0.58628696,-1.2527584658528212e-05,0.0009532972471788526,0.0009533796110190451,7e267c0bf303542b
3,day3_mean_shift_f5_kmeans_softmax_seed44,44,16,4,False,True,False,,0.0,-3.5932305,-1.3526102,-1.5784456991241314e-05,0.0013118332717567682,0.001311928266659379,7e267c0bf303542b
3,day3_mean_shift_f5_kmeans_softmax_seed44,44,16,5,False,False,True,0.4154,2.6362920498712894,-0.4840048,2.633594,-1.1623577847785782e-05,0.0012286449782550335,0.0012287000427022576,7e267c0bf303542b
3,day3_mean_shift_f5_kmeans_softmax_seed44,44,16,6,True,False,True,0.424,0.8802962015439896,0.9223134,-0.5862869,-1.2527584658528212e-05,0.0009532972471788526,0.0009533796110190451,7e267c0bf303542b
3,day3_mean_shift_f5_kmeans_softmax_seed44,44,16,7,True,False,True,0.4178,0.8802962015439896,0.9223134,-0.5862869,-1.2527584658528212e-05,0.0009532972471788526,0.0009533796110190451,7e267c0bf303542b
3,day3_mean_shift_f5_kmeans_softmax_seed44,44,17,0,True,True,False,,4.2331888447560194e-07,1.0641582,-0.25640363,-1.3178019798942842e-05,0.000935482035856694,0.0009355747606605291,7e267c0bf303542b
3,day3_mean_shift_f5_kmeans_softmax_seed44,44,17,1,True,True,False,,1.1472771639289953e-06,1.0641569,-0.25640276,-1.3178019798942842e-05,0.000935482035856694,0.0009355747606605291,7e267c0bf303542b
3,day3_mean_shift_f5_kmeans_softmax_seed44,44,17,2,False,False,True,0.4288,2.2679494219572596,-1.3760537,2.6601748,-1.385863924951991e-05,0.001227184315212071,0.0012272625463083386,7e267c0bf303542b
3,day3_mean_shift_f5_kmeans_softmax_seed44,44,17,3,True,True,False,,4.511484973363197e-07,1.064158,-0.25640383,-1.3178019798942842e-05,0.000935482035856694,0.0009355747606605291,7e267c0bf303542b
3,day3_mean_shift_f5_kmeans_softmax_seed44,44,17,4,False,False,True,0.4176,0.6987174166497809,-1.2321554,0.8689843,-1.134710601036204e-05,0.0012107284273952246,0.0012107816291972995,7e267c0bf303542b
3,day3_mean_shift_f5_kmeans_softmax_seed44,44,17,5,False,False,True,0.3908,2.834524805496121,-2.7125719,-2.2471426,-1.3681700693268795e-05,0.001250233850441873,0.0012503088219091296,7e267c0bf303542b
3,day3_mean_shift_f5_kmeans_softmax_seed44,44,17,6,True,True,False,,2.3871641629394646e-07,1.0641581,-0.2564034,-1.3178019798942842e-05,0.000935482035856694,0.0009355747606605291,7e267c0bf303542b
3,day3_mean_shift_f5_kmeans_softmax_seed44,44,17,7,True,True,False,,2.3871641629394646e-07,1.0641581,-0.2564034,-1.3178019798942842e-05,0.000935482035856694,0.0009355747606605291,7e267c0bf303542b
3,day3_mean_shift_f5_kmeans_softmax_seed44,44,18,0,True,False,True,0.4264,0.9388128929690914,1.0181825,-0.5440435,-1.2369743672024924e-05,0.0009261927916668355,0.0009262753301300108,7e267c0bf303542b
3,day3_mean_shift_f5_kmeans_softmax_seed44,44,18,1,True,False,True,0.4348,0.938811962279007,1.0181814,-0.54404306,-1.236974185303552e-05,0.0009261927916668355,0.0009262753301300108,7e267c0bf303542b
3,day3_mean_shift_f5_kmeans_softmax_seed44,44,18,2,False,False,True,0.425,1.97666301174932,-0.724077,1.7892759,-1.3166193639335688e-05,0.0012074775295332074,0.0012075492413714528,7e267c0bf303542b
3,day3_mean_shift_f5_kmeans_softmax_seed44,44,18,3,True,False,True,0.3776,0.9388121839458656,1.018182,-0.54404294,-1.236974185303552e-05,0.0009261927916668355,0.0009262753301300108,7e267c0bf303542b
3,day3_mean_shift_f5_kmeans_softmax_seed44,44,18,4,False,True,False,,0.0,-3.577223,-1.7220095,-8.674949640408158e-06,0.0012956314021721482,0.001295660506002605,7e267c0bf303542b
3,day3_mean_shift_f5_kmeans_softmax_seed44,44,18,5,False,False,True,0.4386,2.7358760266014266,-0.78959984,2.6529427,-1.2455750947992783e-05,0.0012203328078612685,0.001220396370626986,7e267c0bf303542b
3,day3_mean_shift_f5_kmeans_softmax_seed44,44,18,6,True,False,True,0.4314,0.9388123201863127,1.0181819,-0.5440432,-1.2369743672024924e-05,0.0009261927916668355,0.0009262753301300108,7e267c0bf303542b
3,day3_mean_shift_f5_kmeans_softmax_seed44,44,18,7,True,False,True,0.4068,0.9388123201863127,1.0181819,-0.5440432,-1.236974185303552e-05,0.0009261927916668355,0.0009262753301300108,7e267c0bf303542b
3,day3_mean_shift_f5_kmeans_softmax_seed44,44,19,0,True,True,False,,4.676686171318033e-08,1.1730335,-0.07418077,-1.2036263797199354e-05,0.0009141504415310919,0.0009142297203652561,7e267c0bf303542b
3,day3_mean_shift_f5_kmeans_softmax_seed44,44,19,1,True,True,False,,4.117280092265602e-07,1.1730332,-0.074181125,-1.2036263797199354e-05,0.0009141504415310919,0.0009142297203652561,7e267c0bf303542b
3,day3_mean_shift_f5_kmeans_softmax_seed44,44,19,2,False,False,True,0.4268,3.0763462534518604,-2.2740643,-2.9361265,-1.1923872079933062e-05,0.001247267471626401,0.0012473243987187743,7e267c0bf303542b
3,day3_mean_shift_f5_kmeans_softmax_seed44,44,19,3,True,True,False,,3.8743019106459206e-07,1.1730336,-0.07418043,-1.2036263797199354e-05,0.0009141504415310919,0.0009142297203652561,7e267c0bf303542b
3,day3_mean_shift_f5_kmeans_softmax_seed44,44,19,4,False,False,True,0.4488,0.664989661302471,-1.6350667,0.7065757,-1.2261969459359534e-05,0.0012104299385100603,0.001210492104291916,7e267c0bf303542b
3,day3_mean_shift_f5_kmeans_softmax_seed44,44,19,5,False,False,True,0.4474,2.4768201637469693,-1.9560267,2.6004546,-1.3715562090510502e-05,0.0012352988123893738,0.0012353750644251704,7e267c0bf303542b
3,day3_mean_shift_f5_kmeans_softmax_seed44,44,19,6,True,True,False,,1.0729870820299078e-07,1.1730336,-0.07418086,-1.2036263797199354e-05,0.0009141504415310919,0.0009142297203652561,7e267c0bf303542b
3,day3_mean_shift_f5_kmeans_softmax_seed44,44,19,7,True,True,False,,1.0729870820299078e-07,1.1730336,-0.07418086,-1.2036263797199354e-05,0.0009141504415310919,0.0009142297203652561,7e267c0bf303542b
3,day3_mean_shift_f5_kmeans_softmax_seed44,44,20,0,True,True,False,,4.768744096511012e-07,1.1411456,-0.20669588,-1.1911843103007413e-05,0.0009007417247630656,0.0009008204215206206,7e267c0bf303542b
3,day3_mean_shift_f5_kmeans_softmax_seed44,44,20,1,True,True,False,,5.59172898903362e-07,1.1411446,-0.20669559,-1.1911843103007413e-05,0.0009007417247630656,0.0009008204215206206,7e267c0bf303542b
3,day3_mean_shift_f5_kmeans_softmax_seed44,44,20,2,False,False,True,0.4282,2.1433035367670628,-1.682299,2.4765165,-1.2740458259941079e-05,0.001216245349496603,0.0012163120554760098,7e267c0bf303542b
3,day3_mean_shift_f5_kmeans_softmax_seed44,44,20,3,True,True,False,,4.827976226862152e-07,1.1411451,-0.20669636,-1.1911843103007413e-05,0.0009007417247630656,0.0009008204215206206,7e267c0bf303542b
3,day3_mean_shift_f5_kmeans_softmax_seed44,44,20,4,False,False,True,0.431,3.091397928778732,-2.6427796,-2.656814,-1.183559561468428e-05,0.0012407186441123486,0.0012407752219587564,7e267c0bf303542b
3,day3_mean_shift_f5_kmeans_softmax_seed44,44,20,5,False,False,True,0.4252,1.0135958772807325,-1.3806348,1.2137771,-1.4289906175690703e-05,0.0012026028707623482,0.00120268773753196,7e267c0bf303542b
3,day3_mean_shift_f5_kmeans_softmax_seed44,44,20,6,True,True,False,,9.834766387384342e-08,1.1411451,-0.20669578,-1.1911843103007413e-05,0.0009007417247630656,0.0009008204215206206,7e267c0bf303542b
3,day3_mean_shift_f5_kmeans_softmax_seed44,44,20,7,True,True,False,,9.834766387384342e-08,1.1411451,-0.20669578,-1.1911843103007413e-05,0.0009007417247630656,0.0009008204215206206,7e267c0bf303542b
3,day3_mean_shift_f5_kmeans_softmax_seed44,44,21,0,True,True,False,,4.536222837974915e-07,1.1800121,-0.4124243,-1.0998507605108898e-05,0.0008990304195322096,0.0008990977075882256,7e267c0bf303542b
3,day3_mean_shift_f5_kmeans_softmax_seed44,44,21,1,True,True,False,,7.45224933918994e-07,1.1800109,-0.41242442,-1.0998507605108898e-05,0.0008990304195322096,0.0008990977075882256,7e267c0bf303542b
3,day3_mean_shift_f5_kmeans_softmax_seed44,44,21,2,False,False,True,0.4328,1.8233569394394755,-1.2456747,2.3621182,-1.2028486708004493e-05,0.0012267797719687223,0.0012268387945368886,7e267c0bf303542b
3,day3_mean_shift_f5_kmeans_softmax_seed44,44,21,3,True,True,False,,9.830249856609349e-08,1.1800117,-0.4124243,-1.0998507605108898e-05,0.0008990304195322096,0.0008990977075882256,7e267c0bf303542b
3,day3_mean_shift_f5_kmeans_softmax_seed44,44,21,4,False,False,True,0.4486,1.617051324504323,-1.3185952,2.1688695,-9.059064723260235e-06,0.001225769054144621,0.0012258024653419852,7e267c0bf303542b
3,day3_mean_shift_f5_kmeans_softmax_seed44,44,21,5,False,False,True,0.4502,3.44039366347147,-3.33578,-2.4688737,-1.1726462616934441e-05,0.001282429788261652,0.0012824833393096924,7e267c0bf303542b
3,day3_mean_shift_f5_kmeans_softmax_seed44,44,21,6,True,True,False,,9.830249856609349e-08,1.1800117,-0.4124243,-1.0998507605108898e-05,0.0008990304195322096,0.0008990977075882256,7e267c0bf303542b
3,day3_mean_shift_f5_kmeans_softmax_seed44,44,21,7,True,True,False,,9.830249856609349e-08,1.1800117,-0.4124243,-1.0998507605108898e-05,0.0008990304195322096,0.0008990977075882256,7e267c0bf303542b
3,day3_mean_shift_f5_kmeans_softmax_seed44,44,22,0,True,True,False,,7.539457460231046e-08,1.2165644,-0.12997243,-1.2189248991489876e-05,0.0008845210541039705,0.0008846049895510077,7e267c0bf303542b
3,day3_mean_shift_f5_kmeans_softmax_seed44,44,22,1,True,True,False,,2.8871360327119606e-07,1.216564,-0.12997241,-1.2189248081995174e-05,0.0008845210541039705,0.0008846049895510077,7e267c0bf303542b
3,day3_mean_shift_f5_kmeans_softmax_seed44,44,22,2,False,False,True,0.451,1.0252424653424772,-1.7284539,1.1972493,-1.1477628504508175e-05,0.0012097468134015799,0.0012098012957721949,7e267c0bf303542b
3,day3_mean_shift_f5_kmeans_softmax_seed44,44,22,3,True,True,False,,8.765125968641763e-08,1.2165644,-0.1299725,-1.2189248081995174e-05,0.0008845210541039705,0.0008846049895510077,7e267c0bf303542b
3,day3_mean_shift_f5_kmeans_softmax_seed44,44,22,4,False,False,True,0.4466,2.2400330445446794,-1.8710666,2.451178,-1.0753718015621416e-05,0.0012188352411612868,0.0012188827386125922,7e267c0bf303542b
3,day3_mean_shift_f5_kmeans_softmax_seed44,44,22,5,False,False,True,0.447,3.247316513539785,-2.4832916,-2.9985635,-1.6355688785552047e-05,0.0012378800893202424,0.0012379881227388978,7e267c0bf303542b
3,day3_mean_shift_f5_kmeans_softmax_seed44,44,22,6,True,True,False,,7.17734966960239e-08,1.2165644,-0.12997246,-1.2189248991489876e-05,0.0008845210541039705,0.0008846049895510077,7e267c0bf303542b
3,day3_mean_shift_f5_kmeans_softmax_seed44,44,22,7,True,True,False,,7.17734966960239e-08,1.2165644,-0.12997246,-1.2189248081995174e-05,0.0008845210541039705,0.0008846049895510077,7e267c0bf303542b
3,day3_mean_shift_f5_kmeans_softmax_seed44,44,23,0,True,True,False,,5.336862894459151e-07,1.2494296,-0.1431017,-1.1419244401622564e-05,0.0008791043073870242,0.0008791784639470279,7e267c0bf303542b
3,day3_mean_shift_f5_kmeans_softmax_seed44,44,23,1,True,True,False,,7.802746588425106e-07,1.2494307,-0.14310242,-1.1419244401622564e-05,0.0008791043073870242,0.0008791785221546888,7e267c0bf303542b
3,day3_mean_shift_f5_kmeans_softmax_seed44,44,23,2,False,False,True,0.4634,3.280824974920626,-2.6692972,-2.989398,-1.0977370948239695e-05,0.0012484469916671515,0.0012484953040257096,7e267c0bf303542b
3,day3_mean_shift_f5_kmeans_softmax_seed44,44,23,3,True,True,False,,2.4553930668575754e-07,1.2494301,-0.14310165,-1.1419244401622564e-05,0.0008791043073870242,0.0008791785221546888,7e267c0bf303542b
3,day3_mean_shift_f5_kmeans_softmax_seed44,44,23,4,False,False,True,0.4604,0.8887272984697102,-1.5378116,0.9408423,-1.1227541108382866e-05,0.0012103336630389094,0.001210385817103088,7e267c0bf303542b
3,day3_mean_shift_f5_kmeans_softmax_seed44,44,23,5,False,False,True,0.487,2.525915522351227,-2.0400317,2.764063,-1.1921360965061467e-05,0.0012323776027187705,0.0012324353447183967,7e267c0bf303542b
3,day3_mean_shift_f5_kmeans_softmax_seed44,44,23,6,True,True,False,,5.599348013714418e-08,1.2494301,-0.14310184,-1.1419244401622564e-05,0.0008791043073870242,0.0008791784639470279,7e267c0bf303542b
3,day3_mean_shift_f5_kmeans_softmax_seed44,44,23,7,True,True,False,,5.599348013714418e-08,1.2494301,-0.14310184,-1.1419244401622564e-05,0.0008791043073870242,0.0008791785221546888,7e267c0bf303542b
3,day3_mean_shift_f5_kmeans_softmax_seed44,44,24,0,True,True,False,,2.7274035606649406e-07,1.2923157,-0.010410759,-1.2683257409662474e-05,0.0008744449005462229,0.0008745368104428053,7e267c0bf303542b
3,day3_mean_shift_f5_kmeans_softmax_seed44,44,24,1,True,True,False,,3.360269670067305e-07,1.2923163,-0.010410872,-1.2683259228651877e-05,0.0008744449005462229,0.0008745368104428053,7e267c0bf303542b
3,day3_mean_shift_f5_kmeans_softmax_seed44,44,24,2,False,False,True,0.4846,0.5744305238105157,-1.6791638,0.34082595,-1.2830698324250989e-05,0.0012144828215241432,0.0012145505752414465,7e267c0bf303542b
3,day3_mean_shift_f5_kmeans_softmax_seed44,44,24,3,True,True,False,,1.5053906852438164e-07,1.292316,-0.010410982,-1.2683259228651877e-05,0.0008744449005462229,0.0008745368104428053,7e267c0bf303542b
3,day3_mean_shift_f5_kmeans_softmax_seed44,44,24,4,False,False,True,0.4854,2.883527075716076,-2.399598,2.8903873,-1.3116385161993094e-05,0.0012446995824575424,0.0012447686167433858,7e267c0bf303542b
3,day3_mean_shift_f5_kmeans_softmax_seed44,44,24,5,False,False,True,0.4518,3.2047011268139216,-2.3828108,-3.1791615,-1.376976888423087e-05,0.0012439682614058256,0.001244044629856944,7e267c0bf303542b
3,day3_mean_shift_f5_kmeans_softmax_seed44,44,24,6,True,True,False,,6.109589660911543e-08,1.292316,-0.010410777,-1.2683257409662474e-05,0.0008744449005462229,0.0008745368104428053,7e267c0bf303542b
3,day3_mean_shift_f5_kmeans_softmax_seed44,44,24,7,True,True,False,,6.109589660911543e-08,1.292316,-0.010410777,-1.2683259228651877e-05,0.0008744449005462229,0.0008745368104428053,7e267c0bf303542b
3,day3_mean_shift_f5_kmeans_softmax_seed44,44,25,0,True,True,False,,2.718553407353013e-07,1.3574758,-0.120707385,-1.1189945325895678e-05,0.0008738495525904,0.0008739212062209845,7e267c0bf303542b
3,day3_mean_shift_f5_kmeans_softmax_seed44,44,25,1,True,True,False,,4.0776939805245235e-07,1.3574752,-0.120707236,-1.1189945325895678e-05,0.0008738495525904,0.0008739212062209845,7e267c0bf303542b
3,day3_mean_shift_f5_kmeans_softmax_seed44,44,25,2,False,False,True,0.4514,3.696004269149418,-2.6933556,-3.4696214,-1.346362660115119e-05,0.0012698342325165868,0.0012699055951088667,7e267c0bf303542b
3,day3_mean_shift_f5_kmeans_softmax_seed44,44,25,3,True,True,False,,5.707436527924469e-07,1.3574756,-0.120706625,-1.1189945325895678e-05,0.0008738495525904,0.0008739212062209845,7e267c0bf303542b
3,day3_mean_shift_f5_kmeans_softmax_seed44,44,25,4,False,False,True,0.475,2.137558582923724,-2.3601956,2.3365014,-1.0713017218222376e-05,0.0012567987432703376,0.0012568443780764937,7e267c0bf303542b
3,day3_mean_shift_f5_kmeans_softmax_seed44,44,25,5,False,False,True,0.4802,1.623930797999777,-1.7338144,1.7366557,-1.2399558727338444e-05,0.001242646831087768,0.0012427086476236582,7e267c0bf303542b
3,day3_mean_shift_f5_kmeans_softmax_seed44,44,25,6,True,True,False,,1.7883876785263523e-07,1.3574756,-0.120707355,-1.1189945325895678e-05,0.0008738495525904,0.0008739212062209845,7e267c0bf303542b
3,day3_mean_shift_f5_kmeans_softmax_seed44,44,25,7,True,True,False,,1.7883876785263523e-07,1.3574756,-0.120707355,-1.1189945325895678e-05,0.0008738495525904,0.0008739212062209845,7e267c0bf303542b
3,day3_mean_shift_f5_kmeans_softmax_seed44,44,26,0,True,True,False,,4.0067934725050547e-07,1.3999064,-0.023638878,-1.0688380825740751e-05,0.0008715352159924805,0.0008716007578186691,7e267c0bf303542b
3,day3_mean_shift_f5_kmeans_softmax_seed44,44,26,1,True,True,False,,6.910685614385105e-07,1.3999054,-0.023638962,-1.0688380825740751e-05,0.0008715352159924805,0.0008716007578186691,7e267c0bf303542b
3,day3_mean_shift_f5_kmeans_softmax_seed44,44,26,2,False,False,True,0.4584,1.2778911073274835,-2.230926,-1.2343979,-1.3426149962469935e-05,0.00124319305177778,0.0012432654621079564,7e267c0bf303542b
3,day3_mean_shift_f5_kmeans_softmax_seed44,44,26,3,True,True,False,,9.491642727090998e-07,1.3999062,-0.023637712,-1.0688380825740751e-05,0.0008715352159924805,0.0008716007578186691,7e267c0bf303542b
3,day3_mean_shift_f5_kmeans_softmax_seed44,44,26,4,False,False,True,0.478,3.7835550858214475,-2.2831337,3.8226204,-1.2106942449463531e-05,0.0012754708295688033,0.001275528222322464,7e267c0bf303542b
3,day3_mean_shift_f5_kmeans_softmax_seed44,44,26,5,False,False,True,0.4732,2.51404654091794,-2.485457,-2.470034,-9.497956853010692e-06,0.001261240104213357,0.0012612758437171578,7e267c0bf303542b
3,day3_mean_shift_f5_kmeans_softmax_seed44,44,26,6,True,True,False,,2.293811012267054e-07,1.3999062,-0.023638865,-1.0688380825740751e-05,0.0008715352159924805,0.0008716007578186691,7e267c0bf303542b
3,day3_mean_shift_f5_kmeans_softmax_seed44,44,26,7,True,True,False,,2.293811012267054e-07,1.3999062,-0.023638865,-1.0688380825740751e-05,0.0008715352159924805,0.0008716007578186691,7e267c0bf303542b
3,day3_mean_shift_f5_kmeans_softmax_seed44,44,27,0,True,False,True,0.421,1.2284992133273174,1.3443936,-1.0025805,-1.0485738130228128e-05,0.0009040244040079415,0.0009040852310135961,7e267c0bf303542b
3,day3_mean_shift_f5_kmeans_softmax_seed44,44,27,1,True,False,True,0.4492,1.2284983568891161,1.3443937,-1.0025796,-1.0485738130228128e-05,0.0009040244040079415,0.000904085289221257,7e267c0bf303542b
3,day3_mean_shift_f5_kmeans_softmax_seed44,44,27,2,False,True,False,,0.0,-6.4889345,-1.0698552,-1.2369629075692501e-05,0.0015859778504818678,0.001586026162840426,7e267c0bf303542b
3,day3_mean_shift_f5_kmeans_softmax_seed44,44,27,3,True,False,True,0.4582,1.2284991417126032,1.3443937,-1.0025804,-1.0485738130228128e-05,0.0009040244040079415,0.000904085289221257,7e267c0bf303542b
3,day3_mean_shift_f5_kmeans_softmax_seed44,44,27,4,False,False,True,0.4642,2.6762072208705785,-0.5152346,2.4071789,-1.0389766430307645e-05,0.0012433917727321386,0.00124343519564718,7e267c0bf303542b
3,day3_mean_shift_f5_kmeans_softmax_seed44,44,27,5,False,False,True,0.4622,3.581261227061912,0.28222975,3.6755784,-9.411939572601113e-06,0.0012817197712138295,0.0012817543465644121,7e267c0bf303542b
3,day3_mean_shift_f5_kmeans_softmax_seed44,44,27,6,True,False,True,0.4208,1.2284992538302495,1.3443937,-1.0025805,-1.0485738130228128e-05,0.0009040244040079415,0.0009040852310135961,7e267c0bf303542b
3,day3_mean_shift_f5_kmeans_softmax_seed44,44,27,7,True,False,True,0.384,1.2284992538302495,1.3443937,-1.0025805,-1.0485738130228128e-05,0.0009040244040079415,0.000904085289221257,7e267c0bf303542b
3,day3_mean_shift_f5_kmeans_softmax_seed44,44,28,0,True,True,False,,2.180447578270264e-07,1.4046335,-0.0011477558,-1.0744918654381763e-05,0.0008521602139808238,0.0008522280259057879,7e267c0bf303542b
3,day3_mean_shift_f5_kmeans_softmax_seed44,44,28,1,True,True,False,,3.090120311797221e-07,1.4046333,-0.0011479554,-1.0744919563876465e-05,0.0008521602139808238,0.0008522280259057879,7e267c0bf303542b
3,day3_mean_shift_f5_kmeans_softmax_seed44,44,28,2,False,False,True,0.5084,0.9283658283787327,-2.1081212,0.9005822,-9.155726729659364e-06,0.0012382034910842776,0.0012382373679429293,7e267c0bf303542b
3,day3_mean_shift_f5_kmeans_softmax_seed44,44,28,3,True,True,False,,6.700856835251919e-07,1.4046333,-0.0011469817,-1.0744919563876465e-05,0.0008521602139808238,0.0008522280259057879,7e267c0bf303542b
3,day3_mean_shift_f5_kmeans_softmax_seed44,44,28,4,False,False,True,0.4776,2.7568418633371743,-2.5031977,2.7539818,-1.13449304990354e-05,0.0012546774232760072,0.0012547287624329329,7e267c0bf303542b
3,day3_mean_shift_f5_kmeans_softmax_seed44,44,28,5,False,False,True,0.494,3.6514250212068227,-2.411832,-3.6488264,-1.0079236744786613e-05,0.0012548358645290136,0.0012548763770610094,7e267c0bf303542b
3,day3_mean_shift_f5_kmeans_softmax_seed44,44,28,6,True,True,False,,1.3725773843144131e-07,1.4046333,-0.0011477788,-1.0744918654381763e-05,0.0008521602139808238,0.0008522280259057879,7e267c0bf303542b
3,day3_mean_shift_f5_kmeans_softmax_seed44,44,28,7,True,True,False,,1.3725773843144131e-07,1.4046333,-0.0011477788,-1.0744919563876465e-05,0.0008521602139808238,0.0008522280259057879,7e267c0bf303542b
3,day3_mean_shift_f5_kmeans_softmax_seed44,44,29,0,True,False,True,0.4812,1.2663439063864856,1.4569073,-1.0332454,-1.2587611308845226e-05,0.0008909062598831952,0.0008909952011890709,7e267c0bf303542b
3,day3_mean_shift_f5_kmeans_softmax_seed44,44,29,1,True,False,True,0.4722,1.2663427050403155,1.4569057,-1.0332447,-1.2587612218339927e-05,0.0008909062598831952,0.0008909952011890709,7e267c0bf303542b
3,day3_mean_shift_f5_kmeans_softmax_seed44,44,29,2,False,False,True,0.503,3.0232771806200054,-0.042081024,2.9858732,-1.3304422282089945e-05,0.0012590757105499506,0.001259146025404334,7e267c0bf303542b
3,day3_mean_shift_f5_kmeans_softmax_seed44,44,29,3,True,False,True,0.504,1.2663429492227616,1.4569064,-1.0332447,-1.2587612218339927e-05,0.0008909062598831952,0.0008909952011890709,7e267c0bf303542b
3,day3_mean_shift_f5_kmeans_softmax_seed44,44,29,4,False,False,True,0.5098,3.3088677136604385,-0.07034215,3.2794743,-1.1339332559145987e-05,0.0012564887292683125,0.0012565398355945945,7e267c0bf303542b
3,day3_mean_shift_f5_kmeans_softmax_seed44,44,29,5,False,True,False,,0.0,-7.172089,-1.0991278,-4.178289600531571e-06,0.001748410752043128,0.0017484158743172884,7e267c0bf303542b
3,day3_mean_shift_f5_kmeans_softmax_seed44,44,29,6,True,False,True,0.4682,1.2663429492227616,1.4569064,-1.0332447,-1.2587611308845226e-05,0.0008909062598831952,0.0008909952011890709,7e267c0bf303542b
3,day3_mean_shift_f5_kmeans_softmax_seed44,44,29,7,True,False,True,0.493,1.2663429492227616,1.4569064,-1.0332447,-1.2587612218339927e-05,0.0008909062598831952,0.0008909952011890709,7e267c0bf303542b
3,day3_mean_shift_f5_kmeans_softmax_seed44,44,30,0,True,False,True,0.4698,1.2079672487310598,1.285463,-0.92577356,-1.0284697054885328e-05,0.0008500986732542515,0.000850160897243768,7e267c0bf303542b
3,day3_mean_shift_f5_kmeans_softmax_seed44,44,30,1,True,False,True,0.5308,1.20796764212183,1.2854636,-0.92577374,-1.0284697054885328e-05,0.0008500986732542515,0.000850160897243768,7e267c0bf303542b
3,day3_mean_shift_f5_kmeans_softmax_seed44,44,30,2,False,False,True,0.4756,2.9746443517303067,-0.7922409,2.6880665,-1.045311273628613e-05,0.0012334441998973489,0.0012334884377196431,7e267c0bf303542b
3,day3_mean_shift_f5_kmeans_softmax_seed44,44,30,3,True,False,True,0.1088,1.2079676609677363,1.2854633,-0.92577386,-1.0284697054885328e-05,0.0008500986732542515,0.000850160897243768,7e267c0bf303542b
3,day3_mean_shift_f5_kmeans_softmax_seed44,44,30,4,False,True,False,,0.0,-5.7608633,-1.3310876,-7.629505489603616e-06,0.0015172482235357165,0.001517267432063818,7e267c0bf303542b
3,day3_mean_shift_f5_kmeans_softmax_seed44,44,30,5,False,False,True,0.5076,3.159611152537396,0.12580699,3.27189,-1.2535226233012509e-05,0.0012267316924408078,0.0012267957208678126,7e267c0bf303542b
3,day3_mean_shift_f5_kmeans_softmax_seed44,44,30,6,True,False,True,0.5394,1.2079676609677363,1.2854633,-0.92577386,-1.0284697054885328e-05,0.0008500986732542515,0.000850160897243768,7e267c0bf303542b
3,day3_mean_shift_f5_kmeans_softmax_seed44,44,30,7,True,False,True,0.4938,1.2079676609677363,1.2854633,-0.92577386,-1.0284697054885328e-05,0.0008500986732542515,0.000850160897243768,7e267c0bf303542b
3,day3_mean_shift_f5_kmeans_softmax_seed44,44,31,0,True,True,False,,5.272569064650631e-07,1.4801648,-0.48976842,-9.269625479646493e-06,0.0008541784482076764,0.0008542287396267056,7e267c0bf303542b
3,day3_mean_shift_f5_kmeans_softmax_seed44,44,31,1,True,True,False,,1.3861123898761803e-06,1.4801667,-0.48976856,-9.269625479646493e-06,0.0008541784482076764,0.0008542287396267056,7e267c0bf303542b
3,day3_mean_shift_f5_kmeans_softmax_seed44,44,31,2,False,False,True,0.4938,2.899534614757764,-1.5548903,3.5686367,-8.435864401690196e-06,0.001283778459765017,0.0012838062830269337,7e267c0bf303542b
3,day3_mean_shift_f5_kmeans_softmax_seed44,44,31,3,True,True,False,,2.9351883539802254e-07,1.480165,-0.48976853,-9.269625479646493e-06,0.0008541784482076764,0.0008542287396267056,7e267c0bf303542b
3,day3_mean_shift_f5_kmeans_softmax_seed44,44,31,4,False,False,True,0.5158,4.221043265215041,-4.0943627,-3.0784214,-1.1741592970793135e-05,0.0013446827651932836,0.0013447341043502092,7e267c0bf303542b
3,day3_mean_shift_f5_kmeans_softmax_seed44,44,31,5,False,False,True,0.4984,1.347855292473229,-1.7515599,1.9586228,-7.673474101466127e-06,0.0012683215318247676,0.001268344814889133,7e267c0bf303542b
3,day3_mean_shift_f5_kmeans_softmax_seed44,44,31,6,True,True,False,,2.9108799574559104e-07,1.480165,-0.48976842,-9.269625479646493e-06,0.0008541784482076764,0.0008542287396267056,7e267c0bf303542b
3,day3_mean_shift_f5_kmeans_softmax_seed44,44,31,7,True,True,False,,2.9108799574559104e-07,1.480165,-0.48976842,-9.269625479646493e-06,0.0008541784482076764,0.0008542287396267056,7e267c0bf303542b
3,day3_mean_shift_f5_kmeans_softmax_seed44,44,32,0,True,True,False,,4.053554089607249e-07,1.4941024,-0.22464924,-1.0416662917123176e-05,0.0008414826006628573,0.0008415470947511494,7e267c0bf303542b
3,day3_mean_shift_f5_kmeans_softmax_seed44,44,32,1,True,True,False,,4.807327998899327e-07,1.4941015,-0.22464953,-1.0416662917123176e-05,0.0008414826006628573,0.0008415470947511494,7e267c0bf303542b
3,day3_mean_shift_f5_kmeans_softmax_seed44,44,32,2,False,False,True,0.5132,1.6384485264016766,-1.8914192,1.8995433,-1.1494680620671716e-05,0.0012643799418583512,0.0012644322123378515,7e267c0bf303542b
3,day3_mean_shift_f5_kmeans_softmax_seed44,44,32,3,True,True,False,,1.0409503695352768e-07,1.494102,-0.22464947,-1.0416662917123176e-05,0.0008414826006628573,0.0008415470947511494,7e267c0bf303542b
3,day3_mean_shift_f5_kmeans_softmax_seed44,44,32,4,False,False,True,0.512,2.47128689674685,-2.308377,2.8390064,-7.84990879765246e-06,0.0012719777878373861,0.0012720018858090043,7e267c0bf303542b
3,day3_mean_shift_f5_kmeans_softmax_seed44,44,32,5,False,False,True,0.5244,4.065353632541247,-3.2706988,-3.6153054,-1.115189752454171e-05,0.0013103485107421875,0.001310395891778171,7e267c0bf303542b
3,day3_mean_shift_f5_kmeans_softmax_seed44,44,32,6,True,True,False,,6.697238993690462e-08,1.494102,-0.22464931,-1.0416662917123176e-05,0.0008414826006628573,0.0008415470947511494,7e267c0bf303542b
3,day3_mean_shift_f5_kmeans_softmax_seed44,44,32,7,True,True,False,,6.697238993690462e-08,1.494102,-0.22464931,-1.0416662917123176e-05,0.0008414826006628573,0.0008415470947511494,7e267c0bf303542b
3,day3_mean_shift_f5_kmeans_softmax_seed44,44,33,0,True,True,False,,3.6106287116114327e-07,1.5385401,-0.0029231387,-9.503750334260985e-06,0.0008364256354980171,0.0008364797104150057,7e267c0bf303542b
3,day3_mean_shift_f5_kmeans_softmax_seed44,44,33,1,True,True,False,,7.975467871164396e-07,1.5385412,-0.0029234418,-9.503748515271582e-06,0.0008364256354980171,0.0008364797104150057,7e267c0bf303542b
3,day3_mean_shift_f5_kmeans_softmax_seed44,44,33,2,False,False,True,0.4814,1.5572845738525725,-2.7127461,1.5550588,-9.229997885995544e-06,0.001274649752303958,0.0012746831635013223,7e267c0bf303542b
3,day3_mean_shift_f5_kmeans_softmax_seed44,44,33,3,True,True,False,,6.695158479556235e-07,1.5385404,-0.0029224302,-9.503748515271582e-06,0.0008364256354980171,0.0008364797104150057,7e267c0bf303542b
3,day3_mean_shift_f5_kmeans_softmax_seed44,44,33,4,False,False,True,0.5152,2.5902107332173703,-2.4296916,2.5915866,-9.961328032659367e-06,0.0012734188931062818,0.0012734578922390938,7e267c0bf303542b
3,day3_mean_shift_f5_kmeans_softmax_seed44,44,33,5,False,False,True,0.5182,4.13692447227853,-2.5502539,-4.1320286,-1.0182619917031843e-05,0.0012890982907265425,0.0012891385704278946,7e267c0bf303542b
3,day3_mean_shift_f5_kmeans_softmax_seed44,44,33,6,True,True,False,,1.7502363753356162e-07,1.5385404,-0.0029232171,-9.503750334260985e-06,0.0008364256354980171,0.0008364797104150057,7e267c0bf303542b
3,day3_mean_shift_f5_kmeans_softmax_seed44,44,33,7,True,True,False,,1.7502363753356162e-07,1.5385404,-0.0029232171,-9.503748515271582e-06,0.0008364256354980171,0.0008364797104150057,7e267c0bf303542b
3,day3_mean_shift_f5_kmeans_softmax_seed44,44,34,0,True,True,False,,8.118548661055507e-07,1.5399059,-0.15441413,-9.601844794815406e-06,0.0008319896296598017,0.0008320451015606523,7e267c0bf303542b
3,day3_mean_shift_f5_kmeans_softmax_seed44,44,34,1,True,True,False,,1.1112070761154666e-06,1.539904,-0.15441436,-9.601844794815406e-06,0.0008319896296598017,0.0008320451015606523,7e267c0bf303542b
3,day3_mean_shift_f5_kmeans_softmax_seed44,44,34,2,False,False,True,0.5232,0.8104788201302728,-1.8650328,0.66332835,-1.1299601283099037e-05,0.0012586876982823014,0.001258738455362618,7e267c0bf303542b
3,day3_mean_shift_f5_kmeans_softmax_seed44,44,34,3,True,True,False,,1.8963740198230603e-07,1.5399052,-0.15441401,-9.601844794815406e-06,0.0008319896296598017,0.0008320451015606523,7e267c0bf303542b
3,day3_mean_shift_f5_kmeans_softmax_seed44,44,34,4,False,False,True,0.52,3.4012114798494206,-2.536661,3.6584365,-8.933304343372583e-06,0.0012834429508075118,0.0012834741501137614,7e267c0bf303542b
3,day3_mean_shift_f5_kmeans_softmax_seed44,44,34,5,False,False,True,0.522,3.876657518501626,-3.2978194,-3.549697,-1.139334653998958e-05,0.0013026490341871977,0.0013026988599449396,7e267c0bf303542b
3,day3_mean_shift_f5_kmeans_softmax_seed44,44,34,6,True,True,False,,9.652456495418653e-08,1.5399052,-0.15441419,-9.601844794815406e-06,0.0008319896296598017,0.0008320451015606523,7e267c0bf303542b
3,day3_mean_shift_f5_kmeans_softmax_seed44,44,34,7,True,True,False,,9.652456495418653e-08,1.5399052,-0.15441419,-9.601844794815406e-06,0.0008319896296598017,0.0008320451015606523,7e267c0bf303542b
3,day3_mean_shift_f5_kmeans_softmax_seed44,44,35,0,True,True,False,,1.146905506133527e-07,1.5606225,-0.1315105,-9.237732228939421e-06,0.0008271569386124611,0.0008272085688076913,7e267c0bf303542b
3,day3_mean_shift_f5_kmeans_softmax_seed44,44,35,1,True,True,False,,9.13799662390396e-07,1.5606234,-0.13151027,-9.237732228939421e-06,0.0008271569386124611,0.0008272085688076913,7e267c0bf303542b
3,day3_mean_shift_f5_kmeans_softmax_seed44,44,35,2,False,False,True,0.5386,2.967000991476235,-2.1587555,3.1530352,-1.0468776054040063e-05,0.0012713592732325196,0.0012714023469015956,7e267c0bf303542b
3,day3_mean_shift_f5_kmeans_softmax_seed44,44,35,3,True,True,False,,2.895736946431768e-07,1.5606222,-0.13151044,-9.237732228939421e-06,0.0008271569386124611,0.0008272085688076913,7e267c0bf303542b
3,day3_mean_shift_f5_kmeans_softmax_seed44,44,35,4,False,False,True,0.5284,4.076988584207645,-2.9745355,-3.8406603,-1.1595221621973906e-05,0.0012919558212161064,0.001292007858864963,7e267c0bf303542b
3,day3_mean_shift_f5_kmeans_softmax_seed44,44,35,5,False,False,True,0.5108,1.1280904225227757,-2.6698067,1.3451755,-8.898394298739731e-06,0.0012793861096724868,0.0012794171925634146,7e267c0bf303542b
3,day3_mean_shift_f5_kmeans_softmax_seed44,44,35,6,True,True,False,,2.86490083231339e-07,1.5606222,-0.13151038,-9.237732228939421e-06,0.0008271569386124611,0.0008272085688076913,7e267c0bf303542b
3,day3_mean_shift_f5_kmeans_softmax_seed44,44,35,7,True,True,False,,2.86490083231339e-07,1.5606222,-0.13151038,-9.237732228939421e-06,0.0008271569386124611,0.0008272085688076913,7e267c0bf303542b
3,day3_mean_shift_f5_kmeans_softmax_seed44,44,36,0,True,False,True,0.2172,1.9873251841446344,7.588114,-0.8800286,-1.4493808521365281e-05,0.0015647943364456296,0.0015648616245016456,7e267c0bf303542b
3,day3_mean_shift_f5_kmeans_softmax_seed44,44,36,1,True,False,True,0.2208,1.9873305669639876,7.5881186,-0.8800311,-1.4493808521365281e-05,0.0015647943364456296,0.0015648616245016456,7e267c0bf303542b
3,day3_mean_shift_f5_kmeans_softmax_seed44,44,36,2,False,True,False,,0.0,-41.012325,-0.6959696,5.1272130804136395e-05,0.008863409049808979,0.008863558061420918,7e267c0bf303542b
3,day3_mean_shift_f5_kmeans_softmax_seed44,44,36,3,True,False,True,0.2252,1.987325947981216,7.588114,-0.88003016,-1.4493808521365281e-05,0.0015647943364456296,0.0015648616245016456,7e267c0bf303542b
3,day3_mean_shift_f5_kmeans_softmax_seed44,44,36,4,False,False,True,0.522,4.24894547247509,1.9078696,-1.463342,-8.409332622250076e-06,0.0012824696023017168,0.0012824971927329898,7e267c0bf303542b
3,day3_mean_shift_f5_kmeans_softmax_seed44,44,36,5,False,False,True,0.4146,7.986116477270156,1.1642389,6.559969,3.194779537807335e-06,0.0017571686767041683,0.0017571713542565703,7e267c0bf303542b
3,day3_mean_shift_f5_kmeans_softmax_seed44,44,36,6,True,False,True,0.2178,1.987325859846179,7.588114,-0.88003,-1.4493808521365281e-05,0.0015647943364456296,0.0015648616245016456,7e267c0bf303542b
3,day3_mean_shift_f5_kmeans_softmax_seed44,44,36,7,True,False,True,0.2192,1.987325859846179,7.588114,-0.88003,-1.4493808521365281e-05,0.0015647943364456296,0.0015648616245016456,7e267c0bf303542b
3,day3_mean_shift_f5_kmeans_softmax_seed44,44,37,0,True,True,False,,5.32211926759248e-07,1.5299046,-0.012526246,-1.0146814929612447e-05,0.0008160060970112681,0.0008160691941156983,7e267c0bf303542b
3,day3_mean_shift_f5_kmeans_softmax_seed44,44,37,1,True,True,False,,6.737570630839798e-07,1.5299034,-0.012526245,-1.0146814929612447e-05,0.0008160060970112681,0.0008160691941156983,7e267c0bf303542b
3,day3_mean_shift_f5_kmeans_softmax_seed44,44,37,2,False,False,True,0.5518,0.6975977915289048,-2.1693718,0.6055905,-1.3741322618443519e-05,0.0012597442837432027,0.0012598191387951374,7e267c0bf303542b
3,day3_mean_shift_f5_kmeans_softmax_seed44,44,37,3,True,True,False,,3.923871897035809e-07,1.5299041,-0.012526725,-1.0146814929612447e-05,0.0008160060970112681,0.0008160691941156983,7e267c0bf303542b
3,day3_mean_shift_f5_kmeans_softmax_seed44,44,37,4,False,False,True,0.5214,3.8490104094115254,-2.7290673,-3.8239574,-1.2877839253633283e-05,0.0012856055982410908,0.001285669975914061,7e267c0bf303542b
3,day3_mean_shift_f5_kmeans_softmax_seed44,44,37,5,False,False,True,0.5312,3.266327204866702,-2.7510715,3.2810001,-9.108701306104194e-06,0.0012833590153604746,0.0012833913788199425,7e267c0bf303542b
3,day3_mean_shift_f5_kmeans_softmax_seed44,44,37,6,True,True,False,,1.1452117397558478e-07,1.5299041,-0.012526232,-1.0146814929612447e-05,0.0008160060970112681,0.0008160691941156983,7e267c0bf303542b
3,day3_mean_shift_f5_kmeans_softmax_seed44,44,37,7,True,True,False,,1.1452117397558478e-07,1.5299041,-0.012526232,-1.0146814929612447e-05,0.0008160060970112681,0.0008160691941156983,7e267c0bf303542b
3,day3_mean_shift_f5_kmeans_softmax_seed44,44,38,0,True,True,False,,9.541398640621973e-07,1.5861616,-0.19214967,-9.461147783440538e-06,0.0008165913168340921,0.0008166461484506726,7e267c0bf303542b
3,day3_mean_shift_f5_kmeans_softmax_seed44,44,38,1,True,True,False,,1.3631915854411612e-06,1.5861593,-0.19214933,-9.461147783440538e-06,0.0008165913168340921,0.0008166461484506726,7e267c0bf303542b
3,day3_mean_shift_f5_kmeans_softmax_seed44,44,38,2,False,False,True,0.54,1.2821655446942761,-2.0197394,1.4404051,-1.0137360732187517e-05,0.001259705051779747,0.0012597457971423864,7e267c0bf303542b
3,day3_mean_shift_f5_kmeans_softmax_seed44,44,38,3,True,True,False,,6.810662080065274e-07,1.5861608,-0.19215037,-9.461147783440538e-06,0.0008165913168340921,0.0008166461484506726,7e267c0bf303542b
3,day3_mean_shift_f5_kmeans_softmax_seed44,44,38,4,False,False,True,0.5206,4.231384244071122,-3.373428,-3.8477197,-7.853880561015103e-06,0.001312138163484633,0.0013121615629643202,7e267c0bf303542b
3,day3_mean_shift_f5_kmeans_softmax_seed44,44,38,5,False,False,True,0.509,3.0496532868861554,-2.5376215,3.3680599,-1.1060094038839452e-05,0.001283956691622734,0.0012840043054893613,7e267c0bf303542b
3,day3_mean_shift_f5_kmeans_softmax_seed44,44,38,6,True,True,False,,1.7943374184954607e-07,1.5861608,-0.19214956,-9.461147783440538e-06,0.0008165913168340921,0.0008166461484506726,7e267c0bf303542b
3,day3_mean_shift_f5_kmeans_softmax_seed44,44,38,7,True,True,False,,1.7943374184954607e-07,1.5861608,-0.19214956,-9.461147783440538e-06,0.0008165913168340921,0.0008166461484506726,7e267c0bf303542b
3,day3_mean_shift_f5_kmeans_softmax_seed44,44,39,0,True,True,False,,3.6393016627148303e-07,1.6583282,-0.25752398,-9.11766073841136e-06,0.0008310082484968007,0.0008310582488775253,7e267c0bf303542b
3,day3_mean_shift_f5_kmeans_softmax_seed44,44,39,1,True,True,False,,6.123053768859042e-07,1.6583273,-0.2575245,-9.117661647906061e-06,0.0008310082484968007,0.0008310582488775253,7e267c0bf303542b
3,day3_mean_shift_f5_kmeans_softmax_seed44,44,39,2,False,False,True,0.5216,3.816889172147301,-2.3419428,4.222702,-1.1855206139443908e-05,0.001321198302321136,0.001321251504123211,7e267c0bf303542b
3,day3_mean_shift_f5_kmeans_softmax_seed44,44,39,3,True,True,False,,7.372687381013095e-08,1.6583279,-0.2575242,-9.117661647906061e-06,0.0008310082484968007,0.0008310582488775253,7e267c0bf303542b
3,day3_mean_shift_f5_kmeans_softmax_seed44,44,39,4,False,False,True,0.5312,4.056487016311267,-3.7864864,-3.4962697,-7.707051736360881e-06,0.001358665176667273,0.0013586869463324547,7e267c0bf303542b
3,day3_mean_shift_f5_kmeans_softmax_seed44,44,39,5,False,False,True,0.5448,0.6150032211083574,-2.163202,0.56118476,-8.734264156373683e-06,0.0013039272744208574,0.001303956494666636,7e267c0bf303542b
3,day3_mean_shift_f5_kmeans_softmax_seed44,44,39,6,True,True,False,,1.011524364025943e-07,1.6583279,-0.2575241,-9.11766073841136e-06,0.0008310082484968007,0.0008310582488775253,7e267c0bf303542b
3,day3_mean_shift_f5_kmeans_softmax_seed44,44,39,7,True,True,False,,1.011524364025943e-07,1.6583279,-0.2575241,-9.117661647906061e-06,0.0008310082484968007,0.0008310582488775253,7e267c0bf303542b
3,day3_mean_shift_f5_kmeans_softmax_seed44,44,40,0,True,True,False,,3.2571906948994497e-07,1.6780696,-0.014337699,-8.391566552745644e-06,0.0008267654338851571,0.0008268080418929458,7e267c0bf303542b
3,day3_mean_shift_f5_kmeans_softmax_seed44,44,40,1,True,True,False,,5.018059025947748e-07,1.6780701,-0.01433759,-8.391566552745644e-06,0.0008267654338851571,0.0008268079836852849,7e267c0bf303542b
3,day3_mean_shift_f5_kmeans_softmax_seed44,44,40,2,False,False,True,0.552,1.1355808817808346,-2.8587162,-1.1099927,-7.917568837001454e-06,0.0013288556365296245,0.0013288792688399553,7e267c0bf303542b
3,day3_mean_shift_f5_kmeans_softmax_seed44,44,40,3,True,True,False,,1.0567202252193972e-06,1.6780695,-0.014336327,-8.391566552745644e-06,0.0008267654338851571,0.0008268079836852849,7e267c0bf303542b
3,day3_mean_shift_f5_kmeans_softmax_seed44,44,40,4,False,False,True,0.5338,4.327529970110947,-2.7371588,4.351017,-9.385054909216706e-06,0.0013218065723776817,0.001321839983575046,7e267c0bf303542b
3,day3_mean_shift_f5_kmeans_softmax_seed44,44,40,5,False,False,True,0.5424,3.1932296431037406,-2.794459,-3.169331,-8.768665793468244e-06,0.0013229657197371125,0.0013229948235675693,7e267c0bf303542b
3,day3_mean_shift_f5_kmeans_softmax_seed44,44,40,6,True,True,False,,2.9075795315956817e-07,1.6780695,-0.014337627,-8.391566552745644e-06,0.0008267654338851571,0.0008268080418929458,7e267c0bf303542b
3,day3_mean_shift_f5_kmeans_softmax_seed44,44,40,7,True,True,False,,2.9075795315956817e-07,1.6780695,-0.014337627,-8.391566552745644e-06,0.0008267654338851571,0.0008268079836852849,7e267c0bf303542b
3,day3_mean_shift_f5_kmeans_softmax_seed44,44,41,0,True,True,False,,6.170034478824263e-07,1.7158238,-0.09276063,-8.66432674229145e-06,0.0008291644044220448,0.0008292096899822354,7e267c0bf303542b
3,day3_mean_shift_f5_kmeans_softmax_seed44,44,41,1,True,True,False,,6.003226428989047e-07,1.7158226,-0.0927604,-8.664325832796749e-06,0.0008291644044220448,0.0008292096899822354,7e267c0bf303542b
3,day3_mean_shift_f5_kmeans_softmax_seed44,44,41,2,False,False,True,0.5482,4.547326122758255,-3.1566055,-4.3830214,-9.955078894563485e-06,0.0013434342108666897,0.0013434711145237088,7e267c0bf303542b
3,day3_mean_shift_f5_kmeans_softmax_seed44,44,41,3,True,True,False,,2.2798776626309358e-07,1.7158232,-0.09276024,-8.664325832796749e-06,0.0008291644044220448,0.0008292096899822354,7e267c0bf303542b
3,day3_mean_shift_f5_kmeans_softmax_seed44,44,41,4,False,False,True,0.5606,1.6980159746707801,-2.7998123,1.8515612,-8.453002919850405e-06,0.0013325167819857597,0.00133254355750978,7e267c0bf303542b
3,day3_mean_shift_f5_kmeans_softmax_seed44,44,41,5,False,False,True,0.5458,2.8505342273059124,-2.6226869,2.9952652,-8.404442269238643e-06,0.0013294816017150879,0.0013295081444084644,7e267c0bf303542b
3,day3_mean_shift_f5_kmeans_softmax_seed44,44,41,6,True,True,False,,7.003545761385954e-08,1.7158232,-0.09276054,-8.66432674229145e-06,0.0008291644044220448,0.0008292096899822354,7e267c0bf303542b
3,day3_mean_shift_f5_kmeans_softmax_seed44,44,41,7,True,True,False,,7.003545761385954e-08,1.7158232,-0.09276054,-8.664325832796749e-06,0.0008291644044220448,0.0008292096899822354,7e267c0bf303542b
3,day3_mean_shift_f5_kmeans_softmax_seed44,44,42,0,True,True,False,,3.207593929107062e-07,1.7185123,-0.07220183,-8.691450602782425e-06,0.0008257439476437867,0.0008257896988652647,7e267c0bf303542b
3,day3_mean_shift_f5_kmeans_softmax_seed44,44,42,1,True,True,False,,6.206042941495356e-07,1.7185131,-0.07220222,-8.691450602782425e-06,0.0008257439476437867,0.0008257896988652647,7e267c0bf303542b
3,day3_mean_shift_f5_kmeans_softmax_seed44,44,42,2,False,False,True,0.5316,1.7607560950783836,-2.3373718,1.8004344,-6.748484338459093e-06,0.001317510032095015,0.0013175272615626454,7e267c0bf303542b
3,day3_mean_shift_f5_kmeans_softmax_seed44,44,42,3,True,True,False,,3.5724271458347773e-07,1.7185124,-0.072202384,-8.691450602782425e-06,0.0008257439476437867,0.0008257896988652647,7e267c0bf303542b
3,day3_mean_shift_f5_kmeans_softmax_seed44,44,42,4,False,False,True,0.5494,2.914294603685058,-3.083976,3.02633,-1.1554509910638444e-05,0.0013441784540191293,0.0013442280469462276,7e267c0bf303542b
3,day3_mean_shift_f5_kmeans_softmax_seed44,44,42,5,False,False,True,0.5764,4.596358576204676,-3.1712008,-4.465758,-1.1917891242774203e-05,0.001350451959297061,0.0013505045790225267,7e267c0bf303542b
3,day3_mean_shift_f5_kmeans_softmax_seed44,44,42,6,True,True,False,,1.8966667194196808e-07,1.7185124,-0.0722019,-8.691450602782425e-06,0.0008257439476437867,0.0008257896988652647,7e267c0bf303542b
3,day3_mean_shift_f5_kmeans_softmax_seed44,44,42,7,True,True,False,,1.8966667194196808e-07,1.7185124,-0.0722019,-8.691450602782425e-06,0.0008257439476437867,0.0008257896988652647,7e267c0bf303542b
3,day3_mean_shift_f5_kmeans_softmax_seed44,44,43,0,True,True,False,,4.2981520603624263e-07,1.7520199,-0.3638074,-7.057979473756859e-06,0.0008421920356340706,0.0008422216051258147,7e267c0bf303542b
3,day3_mean_shift_f5_kmeans_softmax_seed44,44,43,1,True,True,False,,1.007653496664554e-06,1.7520193,-0.36380854,-7.057979473756859e-06,0.0008421920356340706,0.0008422216051258147,7e267c0bf303542b
3,day3_mean_shift_f5_kmeans_softmax_seed44,44,43,2,False,False,True,0.5506,0.6845437938838259,-2.2583463,0.7817831,-8.056929800659418e-06,0.0013448368990793824,0.0013448609970510006,7e267c0bf303542b
3,day3_mean_shift_f5_kmeans_softmax_seed44,44,43,3,True,True,False,,9.20694022895886e-07,1.7520194,-0.36380664,-7.057979473756859e-06,0.0008421920356340706,0.0008422216051258147,7e267c0bf303542b
3,day3_mean_shift_f5_kmeans_softmax_seed44,44,43,4,False,False,True,0.5612,4.435462227364755,-4.2557993,-3.6231983,-7.418824225169374e-06,0.0014335153391584754,0.0014335345476865768,7e267c0bf303542b
3,day3_mean_shift_f5_kmeans_softmax_seed44,44,43,5,False,False,True,0.5232,4.109765377222831,-2.2459364,4.660451,-7.750360055069905e-06,0.0013755401596426964,0.001375561929307878,7e267c0bf303542b
3,day3_mean_shift_f5_kmeans_softmax_seed44,44,43,6,True,True,False,,7.996802244585e-08,1.7520194,-0.3638076,-7.057979473756859e-06,0.0008421920356340706,0.0008422216051258147,7e267c0bf303542b
3,day3_mean_shift_f5_kmeans_softmax_seed44,44,43,7,True,True,False,,7.996802244585e-08,1.7520194,-0.3638076,-7.057979473756859e-06,0.0008421920356340706,0.0008422216051258147,7e267c0bf303542b
3,day3_mean_shift_f5_kmeans_softmax_seed44,44,44,0,True,True,False,,2.660431134596725e-07,1.7918506,-0.014835601,-8.011496902327053e-06,0.0008353120647370815,0.0008353504235856235,7e267c0bf303542b
3,day3_mean_shift_f5_kmeans_softmax_seed44,44,44,1,True,True,False,,1.517129265047258e-06,1.7918496,-0.014836996,-8.011498721316457e-06,0.0008353120647370815,0.0008353504235856235,7e267c0bf303542b
3,day3_mean_shift_f5_kmeans_softmax_seed44,44,44,2,False,False,True,0.5042,4.640114626384863,-3.056078,4.664318,-6.778356691938825e-06,0.0013753589009866118,0.001375375664792955,7e267c0bf303542b
3,day3_mean_shift_f5_kmeans_softmax_seed44,44,44,3,True,True,False,,1.832845893383705e-06,1.7918504,-0.014833818,-8.011498721316457e-06,0.0008353120647370815,0.0008353504235856235,7e267c0bf303542b
3,day3_mean_shift_f5_kmeans_softmax_seed44,44,44,4,False,False,True,0.5432,1.0911215351418178,-2.6262448,-1.0052367,-6.535737611557124e-06,0.0013437054585665464,0.0013437214074656367,7e267c0bf303542b
3,day3_mean_shift_f5_kmeans_softmax_seed44,44,44,5,False,False,True,0.5438,3.6212996807516977,-3.27692,-3.584902,-1.046384932124056e-05,0.001372775062918663,0.0013728148769587278,7e267c0bf303542b
3,day3_mean_shift_f5_kmeans_softmax_seed44,44,44,6,True,True,False,,2.974303128848348e-07,1.7918504,-0.014835906,-8.011496902327053e-06,0.0008353120647370815,0.0008353504235856235,7e267c0bf303542b
3,day3_mean_shift_f5_kmeans_softmax_seed44,44,44,7,True,True,False,,2.974303128848348e-07,1.7918504,-0.014835906,-8.011498721316457e-06,0.0008353120647370815,0.0008353504235856235,7e267c0bf303542b
3,day3_mean_shift_f5_kmeans_softmax_seed44,44,45,0,True,False,True,0.4826,1.470285892056251,1.7932928,-1.0100471,-8.89536204340402e-06,0.0009112893021665514,0.0009113327832892537,7e267c0bf303542b
3,day3_mean_shift_f5_kmeans_softmax_seed44,44,45,1,True,False,True,0.5736,1.4702857870125277,1.7932928,-1.010047,-8.89536204340402e-06,0.0009112893021665514,0.0009113327832892537,7e267c0bf303542b
3,day3_mean_shift_f5_kmeans_softmax_seed44,44,45,2,False,False,True,0.583,1.4710684124124667,-0.32692754,0.65050995,-1.0791289241751656e-05,0.0013724580639973283,0.0013725004391744733,7e267c0bf303542b
3,day3_mean_shift_f5_kmeans_softmax_seed44,44,45,3,True,False,True,0.5938,1.470287313986763,1.7932929,-1.0100486,-8.89536204340402e-06,0.0009112893021665514,0.0009113327832892537,7e267c0bf303542b
3,day3_mean_shift_f5_kmeans_softmax_seed44,44,45,4,False,True,False,,0.0,-7.6869793,-1.9986905,-1.786631219147239e-05,0.0019253070931881666,0.0019253899808973074,7e267c0bf303542b
3,day3_mean_shift_f5_kmeans_softmax_seed44,44,45,5,False,False,True,0.5554,6.4476795653240995,-0.952529,6.3984065,-9.671918633102905e-06,0.0016164027620106936,0.0016164318658411503,7e267c0bf303542b
3,day3_mean_shift_f5_kmeans_softmax_seed44,44,45,6,True,False,True,0.5344,1.470285948418216,1.7932929,-1.0100471,-8.89536204340402e-06,0.0009112893021665514,0.0009113327832892537,7e267c0bf303542b
3,day3_mean_shift_f5_kmeans_softmax_seed44,44,45,7,True,False,True,0.5526,1.470285948418216,1.7932929,-1.0100471,-8.89536204340402e-06,0.0009112893021665514,0.0009113327832892537,7e267c0bf303542b
3,day3_mean_shift_f5_kmeans_softmax_seed44,44,46,0,True,True,False,,4.702349406462073e-07,1.6994824,-0.68884885,-6.693281193292933e-06,0.0008306785020977259,0.0008307055104523897,7e267c0bf303542b
3,day3_mean_shift_f5_kmeans_softmax_seed44,44,46,1,True,True,False,,1.084476987376703e-06,1.6994811,-0.6888497,-6.693281193292933e-06,0.0008306785020977259,0.0008307055104523897,7e267c0bf303542b
3,day3_mean_shift_f5_kmeans_softmax_seed44,44,46,2,False,False,True,0.5542,5.061749953170848,-5.1463356,-3.3538432,-1.2209851774969138e-05,0.0014551921049132943,0.0014552433276548982,7e267c0bf303542b
3,day3_mean_shift_f5_kmeans_softmax_seed44,44,46,3,True,True,False,,2.0509541674991424e-07,1.6994822,-0.688849,-6.693281193292933e-06,0.0008306785020977259,0.0008307055104523897,7e267c0bf303542b
3,day3_mean_shift_f5_kmeans_softmax_seed44,44,46,4,False,False,True,0.5774,2.8166916945148843,-1.7001592,3.7271569,-5.799898190161912e-06,0.0013466058298945427,0.0013466184027493,7e267c0bf303542b
3,day3_mean_shift_f5_kmeans_softmax_seed44,44,46,5,False,False,True,0.5892,2.2568640331819654,-1.6509023,3.0709283,-3.3708934097376186e-06,0.001337008667178452,0.0013370128581300378,7e267c0bf303542b
3,day3_mean_shift_f5_kmeans_softmax_seed44,44,46,6,True,True,False,,2.0509541674991424e-07,1.6994822,-0.688849,-6.693281193292933e-06,0.0008306785020977259,0.0008307055104523897,7e267c0bf303542b
3,day3_mean_shift_f5_kmeans_softmax_seed44,44,46,7,True,True,False,,2.0509541674991424e-07,1.6994822,-0.688849,-6.693281193292933e-06,0.0008306785020977259,0.0008307055104523897,7e267c0bf303542b
3,day3_mean_shift_f5_kmeans_softmax_seed44,44,47,0,True,True,False,,7.599592208307193e-08,1.834096,-0.11892042,-7.433581686200341e-06,0.0008371796575374901,0.0008372126612812281,7e267c0bf303542b
3,day3_mean_shift_f5_kmeans_softmax_seed44,44,47,1,True,True,False,,1.0281801224309994e-07,1.834096,-0.118920244,-7.4335807767056394e-06,0.0008371796575374901,0.0008372126612812281,7e267c0bf303542b
3,day3_mean_shift_f5_kmeans_softmax_seed44,44,47,2,False,False,True,0.5682,4.141559109558127,-3.0473409,4.3397465,-1.058578254742315e-05,0.001388929202221334,0.001388969481922686,7e267c0bf303542b
3,day3_mean_shift_f5_kmeans_softmax_seed44,44,47,3,True,True,False,,8.046627045232846e-08,1.834096,-0.11892027,-7.4335807767056394e-06,0.0008371796575374901,0.0008372126612812281,7e267c0bf303542b
3,day3_mean_shift_f5_kmeans_softmax_seed44,44,47,4,False,False,True,0.5656,4.509455019169792,-3.6554563,-4.2713456,-8.959135811892338e-06,0.0014054094208404422,0.0014054380590096116,7e267c0bf303542b
3,day3_mean_shift_f5_kmeans_softmax_seed44,44,47,5,False,False,True,0.5446,0.6743007348316882,-2.4676702,0.5261938,-5.325903657649178e-06,0.0013575756456702948,0.001357586239464581,7e267c0bf303542b
3,day3_mean_shift_f5_kmeans_softmax_seed44,44,47,6,True,True,False,,5.364418029230045e-08,1.834096,-0.1189204,-7.433581686200341e-06,0.0008371796575374901,0.0008372126612812281,7e267c0bf303542b
3,day3_mean_shift_f5_kmeans_softmax_seed44,44,47,7,True,True,False,,5.364418029230045e-08,1.834096,-0.1189204,-7.4335807767056394e-06,0.0008371796575374901,0.0008372126612812281,7e267c0bf303542b
3,day3_mean_shift_f5_kmeans_softmax_seed44,44,48,0,True,True,False,,6.49116200970202e-07,1.8890036,-0.13846254,-8.21172579890117e-06,0.000854306563269347,0.0008543459698557854,7e267c0bf303542b
3,day3_mean_shift_f5_kmeans_softmax_seed44,44,48,1,True,True,False,,1.867407432828822e-06,1.8890061,-0.1384628,-8.21172579890117e-06,0.000854306563269347,0.0008543459698557854,7e267c0bf303542b
3,day3_mean_shift_f5_kmeans_softmax_seed44,44,48,2,False,False,True,0.5776,1.1551866925642,-2.2547872,0.9629097,-9.470584700466134e-06,0.0013912997674196959,0.001391332014463842,7e267c0bf303542b
3,day3_mean_shift_f5_kmeans_softmax_seed44,44,48,3,True,True,False,,4.071590623731678e-07,1.8890039,-0.13846259,-8.21172579890117e-06,0.000854306563269347,0.0008543459698557854,7e267c0bf303542b
3,day3_mean_shift_f5_kmeans_softmax_seed44,44,48,4,False,False,True,0.5432,4.061627028319459,-3.3118956,4.289103,-7.654456567252055e-06,0.0014385174727067351,0.001438537728972733,7e267c0bf303542b
3,day3_mean_shift_f5_kmeans_softmax_seed44,44,48,5,False,False,True,0.5844,4.845771410547603,-3.8783238,-4.559701,-6.458618372562341e-06,0.0014573422959074378,0.0014573566149920225,7e267c0bf303542b
3,day3_mean_shift_f5_kmeans_softmax_seed44,44,48,6,True,True,False,,4.0601221007757566e-07,1.8890039,-0.1384626,-8.21172579890117e-06,0.000854306563269347,0.0008543459698557854,7e267c0bf303542b
3,day3_mean_shift_f5_kmeans_softmax_seed44,44,48,7,True,True,False,,4.0601221007757566e-07,1.8890039,-0.1384626,-8.21172579890117e-06,0.000854306563269347,0.0008543459698557854,7e267c0bf303542b
3,day3_mean_shift_f5_kmeans_softmax_seed44,44,49,0,True,False,True,0.5502,1.6880160494830838,2.0838225,-1.3591462,-6.023020432621706e-06,0.000977329327724874,0.0009773479541763663,7e267c0bf303542b
3,day3_mean_shift_f5_kmeans_softmax_seed44,44,49,1,True,False,True,0.5668,1.688014565639022,2.0838218,-1.3591449,-6.023020432621706e-06,0.000977329327724874,0.0009773479541763663,7e267c0bf303542b
3,day3_mean_shift_f5_kmeans_softmax_seed44,44,49,2,False,False,True,0.5482,1.8121661339309991,-0.229836,0.8836987,-1.0792972716444638e-05,0.0014047034783288836,0.001404744922183454,7e267c0bf303542b
3,day3_mean_shift_f5_kmeans_softmax_seed44,44,49,3,True,False,True,0.5996,1.6880160284010626,2.0838227,-1.3591461,-6.023020432621706e-06,0.000977329327724874,0.0009773479541763663,7e267c0bf303542b
3,day3_mean_shift_f5_kmeans_softmax_seed44,44,49,4,False,False,True,0.5434,7.29854481864812,-0.034425154,7.351487,-2.6878422431764193e-05,0.0017281570471823215,0.0017283661291003227,7e267c0bf303542b
3,day3_mean_shift_f5_kmeans_softmax_seed44,44,49,5,False,True,False,,0.0,-10.154794,-1.4394459,-3.3061201065720525e-06,0.002310126554220915,0.0023101288825273514,7e267c0bf303542b
3,day3_mean_shift_f5_kmeans_softmax_seed44,44,49,6,True,False,True,0.596,1.6880161389074988,2.0838227,-1.3591462,-6.023020432621706e-06,0.000977329327724874,0.0009773479541763663,7e267c0bf303542b
3,day3_mean_shift_f5_kmeans_softmax_seed44,44,49,7,True,False,True,0.575,1.6880161389074988,2.0838227,-1.3591462,-6.023020432621706e-06,0.000977329327724874,0.0009773479541763663,7e267c0bf303542b
3,day3_mean_shift_f5_kmeans_softmax_seed44,44,50,0,True,False,True,0.6076,1.5817076953618285,1.7433466,-0.9825659,-7.673754225834273e-06,0.0008686130749993026,0.0008686470100656152,7e267c0bf303542b
3,day3_mean_shift_f5_kmeans_softmax_seed44,44,50,1,True,False,True,0.6186,1.581708336992423,1.7433475,-0.98256606,-7.673754225834273e-06,0.0008686130749993026,0.0008686470100656152,7e267c0bf303542b
3,day3_mean_shift_f5_kmeans_softmax_seed44,44,50,2,False,False,True,0.5478,5.080196992549715,-1.2752447,4.95106,-7.129418463591719e-06,0.0014219763688743114,0.0014219942968338728,7e267c0bf303542b
3,day3_mean_shift_f5_kmeans_softmax_seed44,44,50,3,True,False,True,0.6224,1.5817080124117786,1.7433467,-0.9825662,-7.673754225834273e-06,0.0008686130749993026,0.0008686470100656152,7e267c0bf303542b
3,day3_mean_shift_f5_kmeans_softmax_seed44,44,50,4,False,False,True,0.5622,2.8819016333755227,-0.9036443,2.5963984,-7.805233508406673e-06,0.001386500895023346,0.001386523013934493,7e267c0bf303542b
3,day3_mean_shift_f5_kmeans_softmax_seed44,44,50,5,False,True,False,,0.0,-6.537827,-2.6346354,-2.3131954094424145e-06,0.0016248996835201979,0.0016249014297500253,7e267c0bf303542b
3,day3_mean_shift_f5_kmeans_softmax_seed44,44,50,6,True,False,True,0.5064,1.5817078075718696,1.7433467,-0.98256594,-7.673754225834273e-06,0.0008686130749993026,0.0008686470100656152,7e267c0bf303542b
3,day3_mean_shift_f5_kmeans_softmax_seed44,44,50,7,True,False,True,0.59,1.5817078075718696,1.7433467,-0.98256594,-7.673754225834273e-06,0.0008686130749993026,0.0008686470100656152,7e267c0bf303542b
